$ANSIBLE_VAULT;1.1;AES256
61363330363131343531303439663661376638313332316434613339373261666434663037343238
6230373632306566373565346664636661373834643165300a666332643064313137633862306231
38633365663962313062336330303435346637393734633535613063643564353139623533386335
3161353463633933620a353932353737636638383136306334303636623031303332313135366463
37383462333365393331356366356664306433353365373437376439303335656137363466666435
61306433323839363539396564633735386338656338323036616661633734343763636335356231
66613865343236353039363233363966613237306662653763346362333439383862316365633236
34643466323931376532326366666163613538636166303234656534636539313566386534613933
66393733313834646164356435616537343066643435656633383530343466663432613635656137
37346562316534383364373064303032373463643130663265646631363638616664616161306238
63636461623636613134633534343636396533623835376264616530393730363164313932663861
66353364613965653433316463303837366436626234333034336465313066316235306634646264
38336265306365643563376561376430653933383833313436636161666333343031353765623731
61646666633038653939623533633231393966303137663862353338373130663462373335386662
36643466366333336635323130653635653064386166646261663830633038373462323434306632
65636434613731383165343230323162663834613235363263663335346233326232373931643363
64663966623666626230663437383230313061306236656661623164303030333237306133333231
38623439343533373936643036393432323561616565363264353639383835386266386435613338
64373565363761646661646638306564373839643865613732393461326534653932343238386631
66643564346463333865643664306665353930646436623361626238363931323363333732366135
35383830366261376464313961393062393163393233633763656566313339383165323263363933
37376635306635363963363831383335323833363732323630623661653937303938303138663965
62376339646530393464353035343032363939393330313334333039636366643166336636366630
39633862346237313533643032616465616164303134313264396332613238336562366335623065
65313033363762343865663661663366353739616562373138646236393930313066623066383266
39623530316364643861353832663332313863623961313635383439323632373835633430333465
61343237303238346134326531633264366166646639323635303965613961653865653138643566
66353839366663383636383461306336343366656339343039323230343330643131313938646637
32646361343934396337303635373963653835636565656561356663376265336136313233353566
35386630376231336365303564306531353537656131303335613464653761626532356566323264
64323165313636396238623835613862616535396639643361343665636335376430383666626663
38363632626235356330386532323931363233666133386538393966626137613131656433623834
36623838626639343132313564646661666261343637653638353836363834653431313639613937
65623833363436343139393332613236626234306432396631333666353061623935366534636638
32626336656365653162323630623230623139636234663333613665396165333061383530303730
38313032326430353763346638393438363038383764393730303834343837646334613864626136
64396431316539653737356331333335323534333035663439656431343561376233363564383830
30376638346364323631386230616265313833376336616134626630363030656563646561626433
34306261653765636432616137633566666364633232303331633230383564326661373333643761
34333036626663376235653934626565366631363735616437623236326361646633343431623961
31653565396461636366323563356364316563316433653538323435333834386530663437653433
35393866346664613161363764316562333631396633393033653732363239613832636263383935
31306537663237666666643464326266303762613434376431353731653165373665356364643938
66643039346439373436653165633961623239373166366266323764643066346530353036376263
37373863656166616238636233613362613639333565643637643664616262363636656130376166
34666662643637386435396362353330346362323934636634623464633864313266313532373036
36626330633231386565353934333534313738306461366334333830656564623361616162666431
34383037366236316533366562346663323665396566616537336239613136613631323365643665
62393338353865623162363631656663313362353161383038363730316661363064613039646362
39376234666335636564346136323064666632383638313537363163366663666564313030323736
61393932633539663766653363636536643332383834656630633839646338326138623665633734
31613163366438643166303635313466646530346137363836646336396630353761663565616539
35653234353030303533616435373064643763353565666338313532383935363962373966656135
64326262303562383961393236663339366661323566366264663562663033326433386433383661
65363463643063396530386566343533666332306234306635346166343035336334633337633161
38323038623466393938336232306665653862393466643537356361653032366235333836383665
63656337633539303339343361663261343964343336306566313439636463383161303632353936
37656337353438333132646330333537633266383462383865386365376639633438373765313130
64663637623762653938353965323534656363316535386366353433636434373463386130323136
35393635323533633331633666396136663738363662306662656163383436353664313663363765
37643633353166393232326565623230383136323864303235376333663432303264636634636263
39376334333532666132303264616466623538323938376361623565323335306230376137653762
63306431363638633536626166383137353134656466363163373833333266326230396336643564
35616333346539663634343930323431323538333431623466356130353234373130633866646331
30323732306461653836643662393665303633383463663338376363663735323764373032616533
33376631366233343230393538376664616464613133663538333736396361623461663733643936
36396530633763636462633130373765366336393233626439643835366661376165666539633263
37366538356261306664343434313834363364376664366338363732663561616461323739366637
33383262613136383963396638396333303666316637666431363339316565376466343433323437
61626431393066663838643037616337353335623234613334313436333661633162643536613333
65363561666133363137613937333764653563636133353864653235313338323161636262633637
30303134656635386264396431386338333030313232353437343933376636323538616463613732
30346532313633626132373665623532366263303834336162303339626335316361653733366363
33303737353266383764323364353264303061366365383431616633613163666466613634333436
62646531613966663035653737633562373764326338343832653739646461313466653133353964
30303533633737353831663764613764643864323762653735303435343136646634646235366138
36306535333535336332623261346532633763376235623831373535316135613935313339666362
34336466386136396462663066346537646166386463663733636633636231336466366631653236
64353636346239646130313637633339396165623365623362653730343963623866306339663339
63396234306665373035363765653431353930623763383438623836633730643937376438356134
32653136633739306364653666653432313634653334633837333636303762663133353262663461
37623836383433353061663431616339346630623262323665343431396164656363313633323738
30373434326261303430386330313266323932396166346562653866396465643636393630623731
37613462623961633938396533653237333562653562313435376663323938636366346131393037
66306365383033333638373831616162373734626437316566373962623364366636386631623962
65613532613336373238633231396161643734396237646530303431646130333532653361653038
30313162303230353630643835343335616430386235643939333833346138373161303038306439
34323939633437663563653639633462653134646234666465656332653832623561356564616565
30653564376336393531333362353636313962383938356561666138306137646636663435373033
34336463636639613132663533306366303437313362636431663261663532303338343638363134
30323763623131666466626265633264346664636535636338356561663639333162653863323764
61383836356535383663323865626232643965373766643235393862346463613462313161396136
65313965336233396462353165656265323233366136653439353462646661656164346261343734
33346630353931383063663639333062363464643239623832313665373339356135396438333936
63323039643732326232393461396537356332346630333264386336613139613131343137353363
61353561623634373162613638306565373135323931343236323130313437323636653964393630
37323935626133343034373830343532663337316635326532626239666435623734656632656438
64306537316632663538356434313266343934363533326361373935353864353963316132313336
33633063376435363031313563366133333361643238373336323161323965346133346565633466
64373563656131666638383465313761666131613138643663366634336665636362616539353966
62306566346262343038643363383962396534613531356633636564666638316130393135623465
62303935643836386263373730663739643263306161393261303061366631376130643532336665
36643063343964363730643330373230303361633233353637346439316232356432383839663435
63633738643965333137363339666162633735353937623365323630343836616466646536666237
33306365343333663862336265343762326531373039383433613537633164306139313033373936
65613637353563663233643666636130626534653461663138313365363434343234613363383530
65643161386465656139393336343431333035313937303731666638636438343832613465623361
63656530626565333365323262316366633237313834613866383664333431653731356638626237
35343061643863323363666334626438353661633035363963383665626236313962343735313839
31643432363065393732666630623964376365303832666432363230396665323839333437663436
62393632366666353666313034343464376461616663303564616563323831353035323135383564
31643038396234633730663565383137393638636337376263636335323237343935613734363537
32346334653030656639363239393064616633346531396138666438363363333035663636666261
35313432393334613262626636383764646632333234373763323262623431363937366636653665
33613866663064663564386436653261626530623436633930363233626131323165366538333239
38623061333732356139303639313563383033643937663763346663303761383338303865636130
32386439366239386461663434343365646164343434393238393762323163633963663430313136
62313464636261333930343236376364366436323231383330623432643363386337336362666238
30363336393635333638373461376539663865623239363235386634633737333835343066343664
37613031316136366266633432616135346139383962656333323762623336346132373833623862
30636634613930663463626336346537353765343063333230613839306537646236313335316132
36663930666337396330306265666136393137316339386139333537393463386335626636633637
38313166613430336561623736333936646161616332663334666130623862643630326531303963
65383832333637623766623431343733316539343463323762343137366538373561343337623831
65366430306630636462313764346262333331363964373439336433613262343964353035343861
35323663633736653163623266326262303362623863613039656235633436636662333064353832
363432363933333965663266313835653033
