$ANSIBLE_VAULT;1.1;AES256
65303763346164313737386239326435333464633961623131333066393531303761613136313761
3963386439393565313430373564326466366234343064380a353935613164306266356665353733
35393238616163636664376532653930393261393630303466393062363833383836373634613535
6539313434363138620a323734616234343461613064346366333538333336383464396163383166
38336330326433363436643934323165363435323064353336376130623138393731326331303634
37636633313063373637333439366234346631613930326235376265373732616362336234613565
31383264353635333565353765643036346431356533346335336236346531333037316130656365
38633961343638653263396165393439383037363932623864363661633330363638623766343264
33663363313738663530316163313464376131383937613134323433623161663631333439366465
64336463326263306535386439383933376634613933343131353862313531623235663930303532
32313235633562393565343766386239323036636462663662343235306363636630323235366436
35373436313438333630366566656636633430643766643935633933633933376366353564333964
65343630646636333164656266386233633230616339363030303739616331623230303066333763
36313336633362666438383566323266616564616131323438646365313430333662323034646361
34613138323830313363636231386136666532326162353531346630383262373961623132353064
33366166303731623064306266363764363532333737316165343234363666626365363761653435
36626366323336656634343963366266363430306239646531313136323465616432336463356333
39303930663861343538303134333362643039663163613766336239316164646666626238343164
35626437366631366136653562396237633336383534653663333164663534376363343137336331
62356663303136333461363336346637313132306136336138643262643963613937333733356130
64333032393366366664373665323039303532633161303164356562396264383539646630363165
62346537663765353336613363383433666466313236626238623633373164663136666336373266
37376237383064316634313266323634353335383738373462393631643861666230393062326338
64393137643966656362323437396233643663343839643236316133613064623332303934363963
31306566393664323335313131636539393534336164666430346434313330336334633136653162
35613139616263336565396234666130346563356534633966356664626430363461646462383065
38373638323634326134323266656566633733643361613534376261633439653561326237343534
31303261663732663465336532663739616636333931653939343134626635623134626564393539
37393131363338656237326431313861356539363063663864356332393464613234306364323361
63383165663261663132313662386335333365626363656436623935336662633135656235323332
35386134383462636230656663363038623462316565376535613664323333356263396632366436
34363239626336316531326665303237623062343462386562323864383137333565636366333166
33383436363565303339366165346463613662303039643862656637663361366366326233666532
61336232396630336662333437356337316537623732653362313732626234356535333532373235
39366364613636373336663164373465336231653466653034353035373261663762313430343038
64386131646665636463656338643632313739396565323335336238333165613664366639653163
34313734326439636233383434373161396363346161383939666237366438623630363036333063
39653531303664623931383564623865343664626534313265376165653638363261356132616562
38333832363932333733663234626637623436353965363365333332313265383834666330336232
37373063343434636464326539343766633533353065363139363932623637326262386535313534
32306664663034346261326132376261666538643334316535323232306530666635663838663830
37303031633063626662396234316437643431656264663938393733383034333430653763643032
38653231363732323032323161303434396435383830333133623234376364343034623434313433
66346330663961323266306539656239313534616235396231376537373536373166303733643465
39366366646136343062373439366439313264623234306262316563643037663333353730323331
34363439666236626165363561303436326262376639383262623862326333613166356130666630
32336461396437613562623861383937386666316237353161393163656161396634666239656634
37356464323135666130646164613964353633616361303937643764353962656534353839366639
30393864393565396434376132336435666436363764343666663363396330373032383836346635
66333138613730646436363434346133656636643565306666383062393361353866643330653962
66333662363138323836323866366630623536326531656532326531643161623566333435303532
38323632353338323466646664623231663535633035393162383362366431333837653533343336
34333661393764306436663239643434633337333437376139663139643531343430623263303061
65313832326661313032303266353935656163653931306332666361626136306633326539346466
63343932653966646437393236646664643339626531306265613761336562383631313039666434
31366537636133336232616635353131333162343961663831306135636466306639396566323563
38316637383764363032343636356561633863636137393338363639336632653461643232323835
31666438393032333139393866666264663366653266353936333039616165646666666333636630
66363663666233353331333465653738633233383938653330633566313263333735626533353465
34383266613235373961616437643533363366333362663631616536393863373035653734376561
38636561623135396230383864636665636234643035623630383234333865363730613535316339
65313830333937306538383936313430623065393165383434643862333562633964656536333634
63313766636432373234636265613734333366333861316331303865363733626338373637363564
66326463346466643236383435623266623730363664336666363938326364623836366634393731
37613139333337356361366334313736383530353962316137613963393138366139303834363834
35313030613335313337363131633863306131363031613136303631666237303063373535326330
33636431366262636335656266343038343033656136393333653032353361333331623731373561
65323332653564626230346332316331613832383636393864353937333664613539623734356330
34636463363166373664383032356337316464646631316664373337326462663539633133656262
37373263616566363164326235626634356461383739363335656136313933366163353432313162
33623563643335653365356265636433626635663336333533353234316163663934306464353431
31373661643664653036666266336433326565323462343631386339666239313266613830326133
39623163636230663832313136623137353663386366633238646533343031373239373836383437
36623665303763623430653530373433353738336534323563643062313561346465656431623135
62393363623137663138353464343465613661303238313635636165643631623538633036656361
38343266623262363031613664383439333166356532383165326631646230646132656434633039
62363439363736643063306631643066656532616335663530666430316538616362393538303538
36626465323162313635376262636563386361636462306664353537333363373536376133623130
63353339383831653537313532396637616661363866373161333032323938316435303330663239
35616466333333323930613239656362643763613163306366616634663630613337343532646338
66373034666235373566303265616135353332366666613935663039396366366334373235376433
30643639613136666365343433633064643237306130663236386334376165623834306531316339
66323334336433333633613061363732653035306235643838353037323061336630386462643339
62623335373332323434316536616338643231313836373366343835373461333230336265616162
39396533323163633361396333613361393635646464323162616438303630626662323265386165
35356166336166333832626331663362623965363031336531366234393637336439363936396639
34373334636632613430373336643464633832373830626338396437363331613131333236646264
65383262613137653761363034373665663663343931356232313834326436363936646231626230
37353437653264316466343166353565346330333533653563313464653732326232346339346438
65643430313734363962353462343938363638356365316464373062366639633463386662323132
64616162333163353537643432653061326537393866353961646365653934626431656133613161
38393632623664636564336331393536383463353633303439303665363764363439313063323766
39386431666238653862653861386365663736613437303464306462626636326630396332353762
37333231303466333964323632383534643565666430346537646466356235343265386436363234
63646333386561323933303433653236386335636465366464653063623961653535653533333637
32663364613436623164663336653430323163323435663136383164656339323762313464336661
34363934383366613939623537636437363939346332373833616339663562343435303639303434
30633132356137396135313766363533623763306263376164356438343334323538316234353030
62396162386337303132353764303162653434386363613062623439393933303332323761303432
30616431326266636537646436656166393436346463356531396537643335356663326139613761
64333863396463643262656437303136343266306365316436323330396539626438306534306135
61663064383165343830353466356461396437646438346335643139663633303233333963353535
36633830376333626539626364306432383635366338353564346161643937373532346563306335
62623065373534376463376338326430626665613864613136346365656366383138343538363537
38613438666331396533666130386635663164343435313166663437643963353630306666373433
64353266366363363032643837333437626332313337643036383136663132633365363661616336
63313564353439323439323437656136636633646233393361376530303633656630383763383630
32373763646338646436306661356230363935616438383462336565623132623065633938386136
31303765383636333832333630653535363361643965633432656461663363316264396437313365
66303962653532643836616235353831623961333963666535363538316638613761623233393733
63643032393334656138343861393730666330386234656530616161383833646333643033623639
62356366313566306563626666343335386331626538663137626663663366633363633761326339
63316634356337316462376332616235396236326134666335616434353061373465363633353736
35333661306336306532373834626634383165393934376164616138343139363937356631616537
64353230646266653263393833393030333639626563323062653530333530303263616265646635
38383735323035653665383133366533643065373263626136636463663236633865363134333638
36323237366233623636353237616239313834666535333066636235653165646666326631383665
38636436666435643233633333663135366165633763353763376462626634373035303962346434
65323434656563616635383334343138666536323463316633393039366566323737623366393861
35396338363237383662346163656433313332333862316133613539653338646230643863396433
33646233313232656265623837303839643336643638646165386231323730633830643565383561
65376463656662303234646639613637356466326261613332333236386234353031313536646430
38306531663338306537656137393262396436343330626539306362316462306332386662623862
34366563646162653736636635633639383633363165396662616135336333356130373734333361
32633737333830363631376265396235353038663361666139643862343339623430616533653465
33636233326631303862346666343738623530643063393465343034616163666565373464666465
393062313932666334313765386366363133
