$ANSIBLE_VAULT;1.1;AES256
34356663633232366164343339353139633232623535353232323236313564393332616135376165
3230356436356431326434363630616436363239303734650a383866663532373034663936356437
66323436313063303065316164363935373764613030373761313837353165343737353535656562
6161353537623632360a633736353462326664373335346131626265383235366263396531303437
34633965623564633163366566336139663734383462646439306531633431656632333464353364
66306564613463333862666434613065316236386363353365623136663830343933313365373438
61316663336530363235646464666361356337363163636337646136613037306232663433366263
31633733373839663735336437356464326133643939383839623966353035636437346564613939
64343835363330373037643136643336393033623536333963656230343266666462323035326362
33326633313864343938653763616139343832323165376232616561366439363534326233633937
32643435376563643664623062366630376362633462316332353135313833336138653936353033
33323362353930376438396433623466333936393261343731343235333366336535386539343964
62323138626538313838653866303136373137356635646531633233396362323739666633613564
38636230366433353664376266363663393036633439343933353837646265666636623966376331
31356333353164303762383861306537323163353965393831303563356534343232323731336265
36333338323931623535323638623534353466373231383638356338353439633130303666323339
35633734656632613864316137303561363663623665313535653661396135343835336561383131
64643339383366333462666538316332313139663566663266656562363036623264353536613339
62613037343665393038643161366366373530656539633663356463666535653663323731343335
33383637663735373839633633373239333936333164366632643364663966383361366439333838
62656663353634383466343564383631626165656637326266326236636633356161386235636364
31633032646130323065646266316663373539653865613234356264333833653164376664376564
61386566623238316435616231643039636338613562656235333533666664393965353836356337
65313262376262656232663734626562346336373630656237383862373635353431633066363236
39663238646564306532303532623166643537376266653633663964303830373266363330366263
39363730313036646362646263376235306439393838396465313938323331326161623166306631
61356335653037323861356666316364623964643264356534356437303066663837356665663839
32646561656331666566346635323538393463356633363164333838326164383934393634656637
30626239326562616464336466356337386534373264326239666333313437376165343838353934
31333534363735373238636663353733336637306639386265346536336630356134333134653763
66363833393833623833633432376136353564363237386438666633653766646366373234356131
38616163393931653062393238626534353734323164303434393639646565336463333537363532
38616366303837306337663537623632306261376638333235346232363332643337616632643464
37373565306331343464393239626461623566396635663536393564316364623863616261393139
30323763376237373937643332373534653230363362366438393866663836396237653939313864
32633535353833626366323231383635336265376430373431663139353163396333366438316165
31316163366431653863303837373033376465346636363761363634333162316330653839643164
64336438393565373062653131373537323263356133633535646138306563326236316637396366
31633637383761313037636631333738363564326363343133626336643233313935623364306536
39356232613136323738393665346633333861323865386136383432323564383635613538303638
35353938633431333465636565653533633732353462353763613465326161383137353437613636
38316565623265306638386661633134363537663733363366353631303430343834636230353461
63343262396665646638383162306332316339313938316230376232646338653733666237333230
65393235646436303338653138353463636361326266626138626266373531393536306262326539
38313063656431353731383464623039313962393363306531326639326333363533373931366537
31643166663837376338316265356432343434643539383065343065363833326439383638333739
37373438613939386362376531643863386637613435326165353132643935323036643866656163
34663565656131393435633037303462623339643763666236663335383063326137653164656139
63616537656665643431303965636635613464393761326366633932393162396362616661623239
64396536353732663336666437366266313636643564623333396366393230643962643766326436
38636338383465613836313964336338386134663830636133306331613633653830323635336665
63303733636234663963636133333233666165623362306364383730323765393930626437356462
33353931656334343338623961623661333564336130643132323539323536303332653664303836
65346361323362653939633230343230326261643836323639346232643663633430383939353834
33363362323462646265316232346462353331633466313934353835383634633839376632636232
66336366356364623062643633303530623263616238353136626230383936373336306537633537
66303166383034306263343161626230313635323765396639376562343038363737376361666232
66313736646464376330366637313936356461383934393163326137383966636538383339363364
38323066646366613938383538323432666336393537353234376235613334633232376465393862
63306239623537333933346339363434393636653739396533626662353232356566363231633333
61323532313935633435353332646234623934346630383534363332396366316233313637303664
61666461303332346561653236633431653034643430616236386239646662616265373835306365
66653632653761303930323535323534336632623666333538363634396434643135306636616235
32366637323334643033376664643637333461343839383863633561656431623566313735333532
37646532643238353762313763396634623138363630346136663634633738333132633333666334
66613866633639396265396135343563663738393363333633386136626466636262393864666335
35376430316665396266616532386161666335323437386365323435633831353863353939613261
66306562646131386662333438616262376566363338613639303262373234623037656137666637
62303961633164303638656235636535353162666662663431653763623837333139333839376239
35613034376633633232336536336664396235343266336566363666633162316232323166363532
62643562396138373737633565356665663939383261393333303339363463343133613364396563
31653033623537336137326132316364306137306439663136343862363064353062656562666534
38646436636636643863623264326261623032663166326234336136306162623432383065363531
33363832336461376632616337656261313132393166306631623935663931323038306463343636
35666566626136616230346433323732306437663731643862373761656133356233306363626137
35663063316435303463316163343736316335326465656338326666386333383034333563366565
31646631363432643166656165383438336134363732393335613933346561366331393333316335
34663737393365623034316338633466346139323035643533393461643965386662386136303762
34646561396264626234663034383565353132323135323234653363613163303464303139336134
30373436333563356562653032333466313233343562393461353935306536376237616433343763
66613961313231313135353139616431323633613664376436633638326235353166383637653237
66383035613066643964313533313733613763353534323332336333323763666266633033343863
39393932636335333136326461396435303433613333326364306465396136643361313133626161
31613838386638613764363337646135663336336332303961623936653731613639373564353964
38316436363261663639386136303732383835386638326238393932663963323466636238376632
35373634353565333036393832356634303238653538653935383833663366393238373062353538
36383232666565393736623938366634386536366563666531626337623764613533643834396638
66353132666438383433353237313065656537333166643266326630646163626663613331306633
66366665373939656139326632633039613433393735653661353637303431316138366231333436
37306439633037336362383265383839383364353961353434326138303135623535313637373961
33313432613535396233313337306431363732626538313730616462643937663761363230333136
33383538383734313163623863383832313237636639616261626135343066393831653566626266
37616532303761323339653061303331323263303665363564633730613638396266343864343666
38643838636438623261636131373239383462396632636639323639316531623663373235666139
64373330303364303933373162313934656238393131383535653733616637636539663264373366
34316261376361633837643965613962613936633730313934353639656239323064656530363533
65636166343038643736653662643731613231373232623331646561383337626166646331313863
37313035636333653964643663666261663661343538643665353133343332313237316632343764
66323837636263613361623931336331356664323461343432646665616332613666346438323939
36393438376230633334303238346636613465333761623938383037616637306462623632653765
61346261383765616138363066623438313762646439343531653634303335386235663334646337
37626363663761356337363465363936613062656362616337656162316634623333373964383736
32653661623461666262653530633930366337373830346263656130313566373430663165653032
64636338666639306361613663376161663530613937386165373937653666613035326361346237
37633039363833343031656132333061393139343432653339633336336438366137353336333139
36653437373161353230646633363262643466613666663933623737633939326436623061663064
33376561333961363432373763643763336636656532613961633063373439666566663339653266
32343437333566643866656432343030626232343634333033613165663531613331326466316264
37346531643436636334653733393537313036643134383139613264663836356235313936316332
39383439653431383532626463386639623038653635663930313134306331376261306635623134
66303030313937343563306632306661316639356334633839656436653135313863363535663532
61323239623466653963383538393334346566393461313265373562663733633036373066336530
31393062313135313434393865616266303034323961363261656430386665353964623932323932
33303431663161353763326566303430646635626364316164393961656562373738623835313064
61313334393034343566313665333738613463333135376336316330333735616666636533383632
37313233613136646335353933653736303162343966346238666236663133393465656232623361
33313430383639636164623838633062353730313134333732653538626435353137353565316534
39656462363736303034326463333339633632623435386133303434373633613830663939653038
30346630643961386631613338353264663236316636646565306664353632626630663166653135
36373562343333396365313563306238363930653231333664643861396231643466613430616664
37656534393038333235306637356539313235326139326532326362663432643135323864373762
36616264623432313033623431613162646330366338393734636438363432326362323566376532
39363838346639623938396134623132646332383837623264306633636237393063346262356366
34613833316531373836386366393639386464313734656264373939666436386361333063383530
65386232333265636436653633333965663136623233626332396436393739613262353533623935
39323834393563643961336638643235373364623130613833643534666164386261366363363431
663332303538316264333933643864303431
