$ANSIBLE_VAULT;1.1;AES256
35646238666238643463333634653462393934326332653437623331333030623134633739336131
6238653866636362396439633366383338343865316337630a396336376566643263313362313531
31653562373936373238663536313937623036643862303039663866383434626165646238393934
3761663432366434370a643832663233326237386435616139653732363230373333306632396633
64303232653465633134643038303139343538386233653865303861376436646463386135306165
36646334366166636638646462613437656261376366373461303738376532663931343862643964
64623862643335366634386333393035626330316234336535666131616664636536393834646362
32336434306238313863346466336664626534646362346563343835643063626566633462663465
36353766313731626538343965343866383263313637363262653763303037356465363732656633
39643631363633646439396433363464356163373361323539646638303561626631336131663464
35386363313631633663376365623165383032616437303733333238376139383461653761333636
38333766393762383031306438343335663238313032663730306237363364333531616637336233
39653036363330666662306334653561363131623364616236353435653066616437623562643736
35616339303437653962303531613232623962303962353666366339346633386633653830353438
35313832303837326239313133323863333735366635383636343638393531376661633035313938
33616437663964666534313035393735323039373638346231326137363462613337346334373636
35326130343635393936363130316632346236313266303637623330313232633966373165633130
36316462383632643066336331356535386166633066643138356233393661386335313034356163
38626639313635313639626266633364613766376135323564353266643538383330646635346135
37623238353032663335366537636362633530666539366165313437386662643262316535306636
31316566376330396536353630313863383535356661633962323762356236343132643538363034
62656133663230366633623365626237336638343830313464663039383838666461663631366139
39636437303965313466613233373939643432373264393462656334666137326535663638363435
38313366303036366238316165366264376530663239326537333839333734343333333962386633
65323437393938316163366532383836646661326665336133306133343731373236626636653136
35333365353166663561353662393561313463393739393934626161666630343134356339623062
63343131386364343933306464623462366438613666316262623332303939663039393732666131
66663135613630346163316633343164646165343961653432386364376436316362303162396132
61383736346162396239386638323034333832643038383234343637366466313965316564376363
37383731323039326237333366633762666338363337643931623133616662363033616330616362
30613838363463633637353533646236366265343333373037323866343632653732313061396538
35353035393435663863643339363535326537323161663533373331363638326137373537343466
34353366303432383636663661363131626264613561316335363866386165313134326232633534
63343833366630333263613436343033643636653261616361323133366235366630376131623138
34383263323761353636343537303733633064633836626564666364343266356164393933303430
64383163666636366633363331376439623335613832313064373339616365346664653136623838
61353034343633336633303230333639316365653632386538316264383434623836666430633462
39623333376366636434373563393763363236353761363065663562343239613639613936353836
30396461356661653263316334343436326133356139303762303834396538323938383637643361
34623161613232333761356135326633373261326331313331646534376632373832323032623934
32666332616163333139386339636534323833336432313535373661666564613831613866323664
32316366386533613932626430373838393633336438363637383630366439366332313164623435
39326361396565643238353465343839303037396361356665613462363464626163343636346539
61666532656464346632626565643835356262356239343635616162303436343838613338633066
30323532386261646437393266393832383764653732613233646635626437396361633639623031
38373263333466653763333461393237323830333335666661666464376264396263333764336564
36643463343163363836623663663863646139633731643163316535633163333839633565396337
31666264646565376337656266356231616563643333336462393663396237616136393366613938
39313734653065616636313561363565393466353930663631636665643031313037343738353037
36393730363762396536393931333266313534656430623863323136373038336366306634373938
36363566316639636466386162626430393930633463666237363639653939323063643763313332
33623963353362303838306132373664656330396237623066623836666236306430643661306331
35363064303737626431633464653862316137653237346138323864326665666632363163616464
35323637623231343337333938303938633834393739346633636639353261643035663137323763
34343833313662313639653661393165623431353534376666626163313137656333333838623637
31333432616339656661363731313536326237383332396462313437613739313533636536376633
61666236666132363237666438376335323435633966653637303439613562376133383562626561
36356535396637326538323864626265386535383435326664336261626132626331396334623038
62656131346435646438663962656566616363643262396333393033323563313734653862663462
65666266383064646363636138383239633135393737643966383035316239633333323966333938
37623564363830333037623535616433353634326335313164343934373866656339373965363131
35663839346231653038653263396638656235376633626331333361396465343832336337623766
39316365353463323865616666356236383830633032366339323937333039613138636130626264
36353863633662666531313237623839306635366461656164663438343962363766623363356534
66393138376333373464356636376533323035343637373136346666663633616464656138356661
64623861346439333039366137353637613562333462613466353830333464363830346430623062
66623032306132303138313133313562363363386630333237373631643038616633643834373230
66366165303665643164333635623730393738383337653539643332353630343966613361363135
62363836613935353535626262633536333331383164656132616534636438653533646233306139
36303532303833386236323230333463636331626630636135313437643739613964656339343266
36373535323139376130393361653232306532656531623337353232303561333131343537393936
61663336643233393631363433353136386364353034303838306666633564376666643132303761
34393463396361643665306434346235316236316630383066323862646231316632393739343465
62313932393662633533313961346462366633633262626464646232656639303232383261623730
32643536323237333365363961333939303439383061396132343135623034663133316365346232
35653631616438383332623461306634323933346235333030663330353963306436376231353535
64363739613937633365633232373639313234616561373534663665663637613531616162666137
32313765393934333537303634646362613230366338346132373730376665336462643564383261
38366639313634343065303739346130616538623765313533313263356337343332323465636532
37303462336139323535383161356434366661653834313436356237323939313562393063643433
62623865326366613534313664633833656633633863613130363232353636313638343234386263
65623461376664353233336366376534666661666531386532363061363234623133636335393662
38626237623834666261653465306663363936323566326530306264333833656463616466343333
61333763393961353737366436303065313765613535636335366333316235353432303661333131
64633361383762316237383132343938363730383265633963653631313966613663626461313534
35666538626533326634383539633336663630643338663331366333343330356334333565333866
65343662666230303366376335613765353537666239323939663539653337386233656365656363
35363731396566326361663136663130663566313130663464366230393762393130343432643231
30306635333139353164616433643831333138653761633932646634626564396234393564353135
34613863356634616264653061653930376431316461366336373765653530396136356436333636
63363461373835306637613234666534656330383338373932376438353364316261313938303031
64633138303435336134393433633935323839663135373732656263333134623632353461626238
34633064626666306662376532373937653133333938306661356531643733373036343935323762
31336233653238363162336662323333333437656230346430323639613734393933366338366236
65316230366563623964363431383837313665623863313536333933373961356366333439663830
35393962646431616439643164343761383866353066383835633333343432363864376232343836
35303032643733656333646263633839363565626433373336643166336362646665336535663833
61333761373261643038643738313635626130616334343133363839643238303936396661663365
36366162393734653738623037323565643265646630636238386133613365636465366532333336
65383931396565356663316633376665346134643333393835306633313134313533626665376134
31666336623161366430313437663664386261396662386636653661373864333564373762383664
34666361366365623033633133393032346539326461653062366161386462343735633032343831
66316233666165366434383530393536383166613735376165386664326633633936306162393132
36393130313165636233643434643561643832346562366435356337626166656361633038393064
66373330313231626330643565323736623463643764303937373030396337343064386634333331
63376162643735373838663763353362326339613264366266666261333462313337383264653331
62343236326632333430313531643830376434656133356162653234303563646233333365323137
36356530373434383666383532646630356232316235653363613461653966333137306239646161
33386339383534353237346532363463393830336630333739643930376338353336626130623137
32346434633833663434613562313738353736313831656531323837656337303633333039623937
36653966356535393330393239666663643637333738356133393133333063613666333930306363
65623535383334306264343936353263623966633666333766373966313036313465633063366532
30623237613035616334623439363031383538366536613133643361316432636563633361363031
37343435633662363137393964646166343166393362313736383737623063383936303137316262
62373937333164646433653339663264376533393130373462396662393562663537333862343136
36373463616535346163386364386361343334623634393862313132643365663232666562373265
34653365323666666135663234336565653862636535316331386133656466386261373733336432
36303165323632323736393964643566656163636261353030663239373737366130376231366438
30613165666639613736313032653164303430343933376236666332646438356635626461373264
61633438323630366666326537623665663865663238613063663539366234643038653834653832
62303732356638613836376136303830663135353666376132393337616131393863643833303239
65656133643035396662366233353732356163393136323639663231386431303066323634643236
38616466373265393337623764373539613836656431386135393465316665343466643563363262
62653435616466633639653166613463333739653938333938383230393130333564663664383830
37636537643163346664343461626135353265306333316232653637393566643530383365616636
38396238656261663939623734393735363731316565343565373936633937336633616433343336
383064333832653232383038363337363634
