$ANSIBLE_VAULT;1.1;AES256
63626263343634343165626330333065323639363664653165636163323337373364373662313635
6532646334393866366362326333363539366432333130640a353531613563333732386433646633
30393839623930353436373966636262666437346430316633373433643461616637383464333238
3535306639396139320a346432306466373861363634373466356335386332383762316462363766
66356539366434626461373437363265616235373232313932333330393664663635376135653032
32333431646637323561643939323064633534626332383062313864373233373963383861346133
66373534656336353539653230666132666133346334633133643166343066353663363333306634
65376639376432313065386139643638363063663031633432613034633138623632613930396134
39666631366638616231326136616538623466396638613262393862656537633836366465613763
30653638663133353464323736636364323837303232323933643131363838313130383934353962
34353162376430343938623036656633323332356438333438326365356139323135643936336337
62616332343936343466306536393234623666326132623139616137363066653364663664623337
61646231653633623065333231616365326663336236333833316530366563653863343838343039
65323262653734653133333538376634643331383864333165643333333961316566336264643965
33343232333130633435303364663537366266373861613336626535656166383635353737656465
62643131656333333532356630346162303666336239666335343364313435653135373762316566
62616138656133643830376636656636316535656261616536303735326239646233313664616232
33373164343034383539323230366162333135323730336134366631616430363234383464366462
61613838613337356639356234356162666436636264643039303938333033613436666135646439
33613338313136363964636335393139303235393061313436396266636532633235383636656535
66636461393462383031643132346434336561623265646434323064363261656331633238306166
64343764333161343936306233333531303739306430653666303766383336656336393230363061
62313463306264323461653735363033313634333863356239363766323134613064346332376461
39386232653563333936626666643736386162323636613563663630383739613932366461383033
32656133663134346135343936343961646230303834653837313936393835313839653538336365
66346137663330623535663732313138336363636164613231366135316261613330376532343331
37306231396465313033633566303332663134393761333664393138343338383561303037343333
64636366353166633139316663396635663566626431613132393363666538343162356534636466
32306136636266356636653364636462633065623930393061353736346665306162306238343836
62373739343939643737353965326630393236376631323933333261393866313535656562303333
32383863663234356164393935353033353765316164656535333966386464333036633534626332
39623132376562366564666266333865363362393362653230643637306531643338326365373536
39323839326433396365653631383563366661353633623664393230633365376164376162623934
31356632666562643966653333623166373634653239346363343435393038383134363933306431
63313865323630303936313236313135626661373235396437326439396562633733633864626539
32613039646336393165643230656437653034373864646434376234306332653034386535313836
35393533393264333139613738636130363230646233316264633939373736623739386431383462
33316633653630643663633366663536396132613234643337323238313834393162363162306233
30613062353431313139383261633331646662323466333462383539396132626662306238373234
37313064633865333161363063306137663838363963353534613837656337383330306231666663
62653562373632636235366161333132313636353533646534633364616135636435343432666433
63393366326665306262343338636263656261346164313764663536303562343663343764616561
37626337386261663033653964353235663633373961343830623636383632616534323261363161
39646230363237666465333761376231323765393763376530393864656162613338613833356635
34653337383365336432633937343031353861333530323865373935656162376535306666333666
39666533646263633862326265386338613737613335326638633263616435386161633561653037
36646334306434316363303766396531616565393932623262663539373033633135353066363761
30643865346431653238373039643339613334353666303439353363633265623639316230643062
31396363326332393233353939653134656363643930383836643466316630656566336431346231
36653630653664343263646430663231646234653135643865613264656130353765333136343032
34383630376163353830633763663732616537656462313263363530613966313666366566663461
63663763323536343765356533303664616538356132396636386131386332306137356164633931
30343333666238336539623134633163656631336262383837306532356132643132333437303734
37623261353035366536376233343461343561623265636437633237393837303331373036336163
62343835383631396563323132626130623530376366366131326164393634373837616261613938
38346535383537396235313039656235313239643136343661386337346333643166346432323765
38663431613230666661323061306430656463356263383963616536386534373533333063396635
34633665336236636131666232316563303635633334373830636330643533383664316333633265
31346561666639623962316634653235386333393161613665643864303537323835326136643030
61376130633138316530626261626430643961396532363265393766323939643163333039656636
37653738623734643937373261356635393232346665303939333432383131643930353537353766
63316363636332616633663961636638306135383065333937353565633363373963383662633766
32636561623065623762343934616461663966343037326133366236663934353031393137623861
30643837636135666536343035306631346330336366323932363332653431653231356239643162
63343262303363656138303932343930343165653065373630373235393236653330343832633462
63613135333563633132353237326233353361656164336133336465373065366666643834326436
61653331373865373765653633616161666533363433396463383732386433353830373637373937
63386630613861336330643936353466653139383362663733653837653865646166323266613863
36396161356561626663323331306139343930653131663430386230633162333766303363393833
66323762646466326663636463356666373639626632646663616436646363623635396262663034
30616366323663336634636336633962623730636232376632643230333738323364643861353738
38363363616536613061626664323232653738643130326539633737633461383165383366643864
65663830326638373864636430666361633930636632623337613530346536643232613465653233
37333931613737653262623535383161306533356564323334323961316264303938656462653730
61363466336466666165323637656130336232396238383361613566646637636463366434333161
63623431646638356361396237393730303232626133353635366633316637396635393366623966
37386664373034643634666332643865323235336362316536653065666133383166363934356337
64323161363532333034616430313465393631633462616565326530663830623166626333313364
39366466326338646437613235323536633662663233653861633037393135373836663462366430
63393162343835333031333531383530376133306231356561336365636530343036356338633161
31636565663237343039616231333139616665326438653038643465666533346262643363613830
36376130656136633531653532363366646237393335326235623761306363383033333634643233
63393333306437363330623437336432666234363337383039343133653061303133333839393931
39383838363139386130383039363530626363653638343464323065383134356261393461373932
63366165656462643034376136626530376265623336393766643436386161336364626562616166
38653238373731656165623466396335663730353237613636313935666634363461333731336338
36386231633837663436323634663531336362636234616436656539646334633234366461383266
61353465633930323530393533326638636161386235623466383132323034633564323265383038
66343139316239383830643432663763363663333736386233356433313730303937363035383033
64353561323838386363366237376133323863383466303430396563333464623034366337653231
35636563653765666530663164613366636663386236336439333666643864636336636662666438
32343139633164356430366230323936623133623365343533356331353939353432633663386265
34613438353230363834323061326234363238393234393831313633383631376135613033653739
31613261323263376438656365313237343435646263376333633232333233323834363262383533
62333338303037616137616638303937623965346134306536336263323638626639326330393431
64363362626634613737393665323563376134656561646639313835313239366236663439353130
64656239656263346164613233363538326263666162663832346334313262356435643265666131
66383863326538333661313462393365333035643430303237313166643664663761613738373462
32663665313666633932333565303035343230356235383464356137306562396663393931373237
66656635373937313931303932623764613230383834363264373030613761306264353265326565
38656564376639613861306632653037383437326262656438333633326435626230333633396430
65353736386230653932646436376539346162623261333237343866396530333464343339663433
65613335633564386234333232333937363332613661383034333237643463366332343461393032
31383532316664643539326433356230613538316234333435376463323932643561333739376337
39326330613633353336356336356639386531376337333130303738316366646632353631313232
66613665646163393761363963646235323932303863653862656161613064353566396363646362
35653436383138346430666232616539373636343530656230393335303033343562396637363138
37373036353338663861646333323165326534363033626634636330353966636664613738393762
64323966643835613139663463656539333835383263356464313431353334313039653363326436
34386166356163343062383062656165363362356439356436633465366130663836643564323266
36313330313933363938313830323039623963376430333532373065383036303339323134656535
32666239633335393765633537623238643765643736383831326166326336626561633033653762
35343665376530343839323031663861313563303531636235663234623865356664363934386138
65643065626432373131323831653639636132386135343266653334336232303564623362313264
30646333346535663461393433313236356438336139313733316232346636376131313236616163
30326261393730653234383935366631336232353261336133366561373939626336643432313837
31303438346330656230336533353165313732313538636139616236656462303633383935363338
30396333346337646339386562363561363632363138636366383733646663313733353138303963
61303461633231313033373130666537626530626334646264653636623764383339323735636566
62376534393263363733656631643934343030623864346664616537313334383361656263666234
38633864663835326137353161373733336333386431613533323736666363346266303634383562
63396362633463613639313734343137383165393561393533663734353531623336373936646237
30313234333862333636313564623038386561323634613630336237633130313534316630363563
31363630326638306465306662613334313734356138313964353865363033393332323039613535
63646437643064303966623866383336373739613662313535323961366132656331393764303262
64346632393965363331306133316637306335653639636434313031346261363332306438343166
663635313236613164633535306437623034
