$ANSIBLE_VAULT;1.1;AES256
32303735636164626638636138626130313163376664366235336539613030643465646137343434
3166653033303865383730356430343364323864323135390a663938663963313934646330353338
63393839376132383631303837303033376364323832623830613864626665336632323934353861
6162623638613366300a613763353066366330343033633538313437623931316436653232666439
32333638323263666165616230326130663034373430366365663533373965313635363166333238
64623536393533316530313064393634393833653630303233653662313030646263643438353035
33396661393564316662623331646331643032353161623964393834313361336665366337363234
39656163636266303634333233663164663637653961653363313935313066666163613532663533
61333866373764356536383861393566366338373265633130383664336666626234343336626537
39323865626234373739666261616534636636303937383638616331313932656666396531333432
32343439633435333033613264383130316233663435303433383733356331353363653637646638
64353733643930666238306438303062626366393535343432623330353234343130333933613733
33346133306631306464346462346230653338306565333433366636363437643234323666303834
36366662633631316533393830343364393836656633336166653932643035346436386361643761
61383632323032646462313138633164326537323637636662363964366364636638346633616134
35353031346564333963386264373864623862356266383863633366336530346634653563353766
35613435616664643063363534653566353834646136623132623137633335373337383639633264
36663363363137353638393465616237326363303561663736643334653661386436323431373139
34633838363965633431356330373364623865353965373662376537613136616261366138393964
38623865353139613930376330623563623636663663636461616461383962363166633963613830
61393234346364623465363261616231623464623163383863356430616462663537313038623563
39646132306462363630646135363835316131656532663765636537303761643764646661376239
35633338636638376461646261306466376237323438663037633737636531656465666437383430
37616234643938313563326264313531303263376233336434656430666432326332313434663738
30666466323232623334333761663464643335393239663362393636393063353733316437353232
32373232343066366136613063383038383939383036346663383736303663643137356366313065
65373465383865363336633833383032343964373433353161326165343532333430323738666461
31613432376535663365656161396561623237613962346532316234373038623034633564333262
62396663323232623337323061353437333739306362346463376665323161386532633830353235
61393638323239646431653864643364386334386335316631666236646539376431333633353666
66353535353231643339326238633231366339616538346263646233313339313864356636333764
63336230616630623562353666376666656163326466666563303162383965396235333231646530
31356532656131646361663135343837633438313466613335643264653636653530313638663562
36646161373132643962613638336639343536343863353032323065356637313139613131316532
62626433313439306361343564653431386437366162653162323136653964336563336232356463
62383534613739393761313664363738303538616164656639333938396233623135373031333430
32376632363439656337353037303435303534623332366334646462616361343438313236396430
64623931613538663937386564353537326239303763313534346462303836616261323633303032
65353962333030636665336331313561653362393438316531326566636339366435396163356232
33393731336136386437343938343930653462343561356166333532633033313435363466626537
65333137373939353765323262393266383934386534323866656436343364313934333435396262
39366434653766343135333862616133376362396465386566303137646661336336363832313832
38373936316539633839623666363937663734646665646230353938623330316239363261373339
34333064373762386430336361643864383062653337386163333739623566353165656565393234
33643337346465326263633966313432663035346263323636303136336635626634656334616132
33626462373965646236663135373965353139343239313861333565643533343764356263356663
32373732313064393439636265306435376561616236653561366538353532396530646364333437
63373964646339323666663536343663376135633936656134363262623736633331373963653338
34323065623332616164393735376239326339616266626363613661633262313961633333353035
35386334356231636461663964653336646538623865613831373165383737373862646636333862
62363233646431663936333062643761303832336133313438373466626630376661323962363065
66356163663134333662303230343065656635386261356631663031376638616165323639663839
33393331346461313962653232633234326631323938626539353637353638626436663462613962
62333933613063663433313630653831346434393133343832343230656364376362666664333262
31623164386564316663353130316661636465623533666665383266333932626333326637353035
62383734376162633036363731303865623666653839636161336436666162633439323261626139
31373965363037353433336266386236376535613831333366663037633231343965393939363464
31633263363130333935346366376438313932626261626230356336333934393834326537653436
36396139303235653362383735323031636533313533373665363465653237616633633431313933
37343164386231373534313730666437346637383963386536653837353265333139306430623362
31616162356662656533366232616661666666383765653863396236353266656261316164343633
36643534343336333335326361393865636432623432656563333333663566366533663265386436
38346231333562653731356563396631333430636536383133383134653630333735663830393066
62646261376661646635303430326531613035616435373562633761663133326534626538383537
64343735646331326434623762626634613135323635373361636130356333653432386566393234
63346466353030656636326531313236393763393337356433356639373434383432636633303363
35353463346132363836303232623537333531636333613763336131386131383139373638633437
35336331636230383833336362643331626137613037323832306239366164613339313565336161
33633033316534383538393738353731623833303438623461623461643137346138623566323763
30383531646439363666633830643734613263313130393264393661363965383966393933326237
34643065346436343931633739366234303431616332316665353337633137373565323865363838
63653231633735653335363865386336663633663733393139303962383435323663373535623065
34303132663431336162616465613263333432356330653530306539383231363733633438333764
36303631643331653436663732386331623361366337363461313031373831383332383963316564
65323262393335303331633466386235626437643635313336303630643465323365616435303664
64346132346666313332666530336337333536333061383432353538323865333335626131343834
66666630333863646663643764356532613838346431636164326365303064343736326561393466
35316164336231396563333231336566353464616165336438656138343135303136326563636139
61353665353539646134313934363733343134363865356561613330336466333738626536616436
30393834633038363365653633333339373533663039356432396637623530333635353333323565
35363865373739643463346339393663626631363735643930636565643663393033303539666266
66386364323235393238636330393566323430373661306162383565396339363065616135376566
65363330386639616537396163363935303238306263393466356466316334376662303666343065
36386232393339333266353136663265333564323435363936363533393433653732613938386465
39656434666264363534356164323233636330623930363530363834663164656138373065643233
62366530626630366639663962316365633333656530363337636437653939663762663438353035
38306166626539393464383732373333336230633739383666356237636131613035396230313937
31653161323235393266323137343063666363336330323937363330636331633562613233663938
65303631396233613539633236373930336236363063663536386232323862346230353539666566
30633663303861636461653330643863643362616466353634363036366162623236663665623638
65316166356235616335646161646263343466663532373731363936336534306663386637383230
36373064363362323831373137316361616635383266363365373035666364303061386165333236
64316630646231656262656236633761323535326537636237376532343438333664613663666533
65316632373030333234613832336232346132336266333731333234633538623034333966633832
63613737343461313465353164306335343264303037353639636564386433646565313562306233
66336561353834303137633166336363656261373566313138656137393261323935326263333061
61333565393563626130633265303038383464353332393034656234336264373233636261623338
30616430363737653538663230643632306137383138636334613231323230666233333262396335
65333263353637303933303436396238393333396462666133316637323863653038386436626633
66333534316664333134356639393034376165323033653539613662313930393832363132366631
38623461343339393530646161623235643637353065366539363765356365363134353233363563
66386234633534353530633836626335616436336564626564623132396665623964643066623661
37623434333330383739316465366235373162373336643733353864613738653734623532376539
31656436376166353163306438613936396265343263623636333662616537376463626665366134
38323536386435373335383337626461346365343837643333353037666466313134626434383161
30396363643733656336396633633164663633633963643266383937376666383436636436303633
34636564333665333530396662363463663165363066663431366665373263613837656230623839
35616431306261373734386135353265633731646162326535653963313234343636666136373034
38643131383839623164303236336563636536643866636261653538626432383736346261666131
65653230353431663064616233616562313431323666613234303836616162386636363566383037
32306130323530383864626538656563376461643331336563656234633233336362316239383333
32646231613666333537636431653735353763313561393532633938366465656233303632363836
61326532326331336139366137303462396134633632303761336631653766333138366634376562
65326439643366346339306230386466643063373738643032353731353366373539313465396431
32653561326364326561343963333035336664663861633237396666386435333737333536396636
63646466393065653136323132316563666531363666323638623366346432326438336230653634
33303433336661666533633966336534643931653232373935316263666463393238636662313936
63656330343838613335333430346261303434646566383362663339346264383530323064633130
33356530366465636563666464353763353538633336613663303965326537646631343864333634
62316434616533303431393537346634626336343332353865623636346234663961396532366130
38323631343764643530656137613637366162383563343735613531666363633761323265646539
30663834303735326233326266343061386463643139333836666236626161623637366261646636
65313836366162663464663564353836313361633531663464383537613030343237656265323964
62363937306230646331333737353765663739396162343362333261326236656163633539363264
33356137643439303033643732623765353136616464336331306136306536386139393938633666
37666363383734353835366239383532313239666133303839633138666230356338666166633936
626635373232336230626330373734363362
