$ANSIBLE_VAULT;1.1;AES256
31363566313838393635626564353331393439666430666463316232616433646530356537393037
6533626665303031343536323732646265646366663161360a613433306131376663623266303262
38333662383934313862306236626461336230333530363632623964306234656238303532376261
3436383165396634380a666534613030373463663433626534333161396463366536626535656637
62346137613434316537356238306235363630636333636532363665666530333037613165393164
62663236326234323637323466366664613166623239613237306234333935663131646338666335
34383532363030333161376638666262663332656132326166303330373538636631356130396530
63643930653061383063343639666562616530393563343036326363376365306430346139303138
61653434333934373838336332383535633232336134663764333437343430353866656337613234
31366133353637623230323939306538653438373438346161663062663162323664316335396338
34356338366134663161623334353639623033393561373230643438616633623438306239643965
32393838363535303662333365393665633235643639313033623964333333326265313339643465
39636337383034376330316438333033613835333766616434306462373139393238376537366637
64376464343239656237373163323963323330313839373865313038353931353661313661386236
62636530323539343538343862646131316533396532386230306161383533326564623439343632
38333636346463613865316633313939613331386233666366313961333430373230383538333963
34353965616561346230613438636636646235313238643832306137353037663230366164396634
30363462363436303430306630613565306132313162326230646662383763303736393431623938
37383436313436316165383961303465306566323537653932666236336535306437646262663266
66363535373365303466386635643261363933626662393035393031373564643935656333353733
37373039316233306137353365306665383662656163653763353061376561386436333339333233
35613338303766643134353464353630393432383337643561623937336132313636636432623363
34663834303035626532373561323461353866373763623433666161643439333133393434363263
36393663363630636636643065383135643339343765643631383039313261646363396233333037
36653361396335366436353135383737396566383764643037343637656132323462316433396439
66313264656439626337646236623932643537616565653032613561353461653431643934623239
33363062376434666631613335373236396431366364353432626638643064646232643661636439
63306463656665346633623062653333316366313135303236373061326336626362326432643633
36373264626435346663396338396436373165346366656261656661663732623063376362663061
64343233663431323237653366643334646566393365313964393462373833313136333365323336
39323164376532393833346131363465616537306265333730613363393931326236356138633138
62663066626661636162663239383036653130316138353265333061623737656530636264366332
65633732653235633239303865313135356338633362373139636338663765643432343563383064
38376662376538363464383361383035346539666331333561383739313736343865616435303832
39636437373463316139646231336638393966323136633439343134383232366637616565653261
37323439373062653536333431333231303833326239373064356531326335363230373634633564
63363636366534393463313061643136636562343630623930626238393239393662353834636635
35323837303164316537323138386130306136396139623263303337663263373635646334303664
34323134663130326132636430633639353437656466336433343631303166343161616637663434
62633734373633613864343562336638653161666337666162643239333635366630393866343339
35383962383833323132653164633961346163386339393036313961363933653062333964616336
66643662346231643435383837393039303039333437343030356464616165326165323366303162
64323762633964356666363934613335333133613065353737643533643137616430316633333736
36616266366531303830656361613734386631656565343964326137613761343966643265653736
35336363343534306364636231666537626262373264386365303037303161383037646162376561
63386337643537663461343963653062333233353532656133633363346136336337646437653738
33383065366534613935646263646631343636386563626439353836376538643938336236393661
62313337353731616639623039303462643837383862366436313839663836313637663865343839
37316639643437643234346261636532666264313363623736343362363539633534326636626631
31313732643439653461656263343762343034373333363065646461323666306237336439616266
30376439326566616161646564666232666134613035366139313739343665663335613761386161
37633861306361663836306337383135333134613466663532333037333465366136396230346531
62656435316165356330356338393836393138373039373939663732653531346133396261303533
31326132373631343630303836343139353832396263636238623137343632303936366639343466
34316430383235353634633432633132363237313761366534373265666365313732366561396333
65333839306261313963346230623361666161616165373639616162623165393431313135376536
62373463373436303365643139323031646631303831353030353232643166393633653765326564
62613136363737656462386162333639653231656466363061393164663930356433636361346265
37356236623963666634373366333535663263383464643763306663656638626631323866653034
33636634383331333161653166383435616532303937656134303662346334653834643638626366
36633461386166353632366236333265633262316363666339336366653036343833303933396362
36356563666365316433646237313035633466396533363466366630336665343039353935663566
35346531653766353034366330353865666164633331613039346463656236656364316139653939
37363136366161663062363133396362303930336135646434623231623933613939633735323863
36663039393232346631633165353332343264323831663764326136653430356432373431386630
64316464396163303733343534386235633730666637363633336632633039643730626434356633
37383663343863303862336266633437663630623864623266343539653366366537306563303865
36356463343631333266666162636436303363353562336462623738323561343237656233323533
65303334653065633634613563626537303538306139303932343530376634616538333435333763
35653735393530396337386632653633346563373337366364363432623532306138373362626636
35613836313661663031313464393662366139623863393938613232383163303564643632323038
35613933333937616362313661373534636263333666316531323562653530643136356231646333
64333230363531323230336139643462356630643137326437356630316433306138386534353436
31656536626563613137653230383165623436616665336537323332393865386366646163303435
32373636616665346338303438316565643839393430663637373864663463366162613766643733
32643262666438326362316266396466393136313039333234646562663732663465323230653966
65343631313730653861383739623732366466383963616666623636343830653637306539393535
31346239613931363138363631616263326564663338366236613436643835343161653635303439
65646266353834646435653230383139643530323637363261633032306139643939376532386133
65336338636536323766363432643264306164643535356561333666656638333737343833343032
30343566393337373661653130613933343030333638636339386335393863376338336133623438
35386432623162663534616538643936613834383235333138333531303538356136653831623735
36646332366639663039646231353035313362363130653736646163663239656663346132636238
38613664613632326330383865623236653339333436356533326261363537363266333038656130
61343465373033333030303539346265623363363135396338346465303866396430626437666335
63633835383733626631613236343837653137643938366330363461303963396132636238636166
32663037666338393765616230316664393365346638323866323339396561326437396538363137
39643266663437616439363638333331613331373233353234353635343533313464383663343161
66356366663132656234616434323832303433656165656138373937363566353036363838376535
63313662616531353265633936626434353631636235366261633533323765633231616265336137
63616162333966396538366432336638663132376636626233613930313965636663336463393737
37646132376339613634313036313830373634623839386261613135663266623161623136363233
66313936326162643461343932386335346637643434323938666434643661633930316335336463
61336239396335623264363861396333636136633239623561333337366561353438313939343036
64303864396461383662393835646238326662616466636462656664656336323564386532363034
36303533343265373232363639333737623566633235373664326637653532336365303761363237
30383237363031356339326662316536306261363437326661373766383337613639653564383833
36303135646437323834393865343037333963353864376332653262363234396438396264316132
33383339373361656131333964333332643632363930646166613234656463343834643633616634
62653232313837376164656138356132646464363230353836633538626234666637343031353461
31333062303734306261386664663662383830346162373535376430646534663836343862363232
65363639636561303335316433623433373137633139623365366131323835326364393538396337
64326665363262353832323430653836306331396464616466326134383134336130343261376432
64333838376539366333363733343066303764356563653737336563666334376633376263323837
38653531356334656638663765623066363063323038373039613765313265316438336561353734
38646365616637346364386639666137343033616531366132306338623466326633336163646362
30343038663666666266363636303866343564333164353638646139613437316531326164613139
35373133323936303064613439336165386635613035643037303763626437383739623236363237
61653238333764666333663266656335636536643561343666323132396237353037663565323762
64623135616432316365633634663739663161353933326637333332626638666436363437666634
65626263613033333562393864326365636333333864346163656133346462666461373364623831
31643238366636623333613536373066316461343237393831623535393932316537396530646630
31316563636235373338663138323265373861373332383034623336326665383032653039336264
33396365336335663838396333643031366261636632386663343564666266653532353263373264
37633665633134653532396162323931343234613666306134333530336666653062386438633935
37366538313438383531353062396131613866636332303563653230633432663731343361663636
36313766376366323137396238623664623733653832616237386637666232316165306261643337
36396636323466626430346635656533666536316437643162326665656439316164663037643535
34346135383761393862373364663838323236616465646634393136323630336336396664333030
35396365373863326430366539663132386239376665643863343433653239613234383339653964
35613135376235303063373339663136666331376633363532333565386664396330633261333538
63366161333835313637323863643763626633623330663139373430643238373531373831346136
39383536373734613965373739386639633364666533316665336333373961366263336533306166
39666430393632306263383966613233313438373036643333646134633665303565663636626432
32383537633062323939383136393630363866326537333666653333396562393661393363393266
39373737643133643135363364333464633962316638303932303137663864363362636239333863
316632663066623030303066343838613237
