$ANSIBLE_VAULT;1.1;AES256
61636338393763323535643735626131326565656338386361663162386462666538613862336330
6235353430643962313831386361343362393936353361610a623634383864323036333463633761
38633266303566373766646262613862633863613166316630643634303735376434396139363361
3634333233313465340a613865653334613537663064663464396132366139653638343232363830
36396332666434393837656537383866343864626238316237343237356236333637343937373538
61623262303865336661636166366138353864636566643535396433666662373830326238663361
34323232636264343831343833383262386661653739373132383233336230663130666163366132
31653830336535353336316631643734383236346365616163623136363961336135643063316430
34623831386233383131383531633865653065353036343565653538386338663838626166633339
32376262633862323637386335343833363362663633663162343434646131333933373066343963
65386662336462346436316261626132346166353262383637363130663339363035373835633734
66393831363439336664393733636161393462333931323939343163373936663761373031396262
36323764623366343030343463626563366462393034383035383163656136323763323839646537
66346239623161303735363765303035303539643838376536306237333337346239646238653431
31393936646431613037623566346163306565613136663037373339623966623633303263613239
39333062653434313338333931336336323537373962636334303265376632643163666262393530
62373261346637386236663464376464383339653363363637363962303834323565636461613663
36353137613162353966653231383937323964383238383436393732643936373736646132333463
65656338633031326362353062363362363938373436376631323838326339663730323737323937
39393966653964363366346665326663356565623238396133306336663831393935323534663536
63376265313363663739333262393334626131346562326130363139363638656466366130346538
34323863656132666337353261653331313139613636623638636531653066383235353264363933
66343962376130636664343634366364323037383936343561396661333835373737663130643432
37613530323030343638636132383338383838363161663238653936373733393433346463653238
39323439396330343264356566316536633265356235643561626236356537393736316332343737
37356239636433613037643361336261383436356135653633383035343833343038356536313530
63366564363432643236643264666630393361356430316661366662663936316335653738303863
62316363643162623837393863313738613230363234333331393564646135353439663632376461
39323262383930303961336663623839306365653836373262643138313562626230643663326635
30323262663266356564363562316338643064306531613261373338646461323536646362653164
64393264313437373464333431623062653039323232336432303033396664333031303161643038
64643536333566666133353635396464353363383032313361306364653532653861663762356233
63666266643963623038353561316662323762633566363934303635346164663734326135343038
66343365386166643938623765376364616162633866316563393030613834393066336239316161
33636437643435633366343239636362353264363030656233666464613437386166626533623834
65656231326466323535356463363465666132653938616238353631326632666433353231643964
33653536653734626132366237616363316538646563356266383364613861303937646436323939
34383062646536376134646130376263633431306263646565643136303461336632623636656538
35653135633130353136613338373132656138653438323464363134356338306433323734326166
38373761376636653639383634336330373636343336646232643965643834316237653637326263
62333864393630383866336539323863323364373663343734383136616664383935633931653665
31363566333333666139643265613565356533613264353961396666616361653562396337623763
61303134666133663334653531383063653430663632356330346636626339373133633162373865
66633936343435656465353566663061366536626166373338633761326231326464363236343931
37643063623430636431386431313765643038666232663663383631346664646630306566326563
65316630383932326161343763393931353432623163613234623136623831303163613266626338
66393631363936303561633732356661363938366434653263393032373630326432613535313530
34353961386430393032326238306137623963363637646663313235346166333762363961613335
32306338663131633732383933626430396231376333616461346636346266643963636264626335
30653532386437633764386235353932663531356536643465643365643437326436373231623632
65356434396662663137306333636635353261326363376433653532643834633233653936383462
63653862306462663764383134303763623530666135623962316430343037653233633334633933
31353037616566393164363437346565353063303730343933613461373838653765653431646365
63303331333562613063666466383937323164663538373863663361326132646138383031333865
36363966363831373239353334666262376165323265643166333062306638616161663633663637
36326238366234656231643033353938643937656231626661393734333238393837373962636235
61383566656633303862623033383732663666373034363237366132663330366462386463373365
36353138663835303136393464643065316337373634346130333337646362393131336134613436
31353930306630333934646666633037346563396266396635383463623330313032353238636135
33316433353966663731653866303064633031613865313136336361313534373963646433346133
37323231326565626434646236326332623861303636326130343638386134366262313161353731
39633332323733353931643763653537643963643138323865366535356436376462346566353731
38373466353663643036643761346335396134343363396564373030623332373839343837376166
33313861316339663235333434353262633234393830396337353039613538666437653537393661
36376565343239313237366437653366316430393034303261336238336264376239623464363130
63363265643762303566363263303565663561613239613537666564313038666266616534316364
36366562393436383238343339316361653533303330383761623535373432616566626462323831
66656439643030363333663231343864323335343764616662323539366461303430633335636264
38306463363538656334363236616565323762343961336265613064393534646238363234326339
32323561636630663630376362363562636562643061376561303165623461373634653035373233
36393332653166396362373536613731303634303339343665656633643731623031613638383935
61396639323432663539336536373034353037353732613063663831613838613364323536313637
37643030326134343162393338326236663535636238656636616536316437313261366665363631
34393735393238343633313634613264393361663031613337333833353536393731643264343339
63626433383639663137626330333961373661346236646435623634633165353832326631353633
39633762376638656534656335633866363939363431613264636665323634373162643834626334
62636533366333356636643532366433663165333839343035366261373939353764643362663034
31373235396139633132366335646565383462643130636235623063383435336230383533316462
33346166393039366130313430663633653964343231343761396333613662356534386164393330
39386237323739643331303036633937663730393264326436313132343032353530316330613437
33346133313761636265336231633234653337376165626134303362363334646433363736313665
35636331656334663536653332306164336230303431333131663433366137383938386130383534
30316637623466323337373930623830633161316531353565346365633261343936363538346663
33346131393562356265303361626231613036353431663435353934633233643761383330363630
65393330326333653265383534326164626561663932633430623962383630653234343433636233
33393763383133366263626536643732623564313764623733313630336435643461386136363062
38396661316630626364613162373861373337663666373061353432616165666164393663663563
62386531303030633231313835613965356466303131376632666265336438336264386637313835
62653236333539376331366566343832333931613464346138613531316465393131366237663161
37306561666331643666396236373564373330613731356664316437306331303464626337376638
37303231336464383039623764383132633834333761343163376438316338653138303438656138
38663862623063646664396239653264626264646437343966636463613464623466306665333036
61376332356638316536363633653736336637316633396536666431396162656162663636393564
66636230383233386130363739353732323630653337366433303934306562326138346639613662
62353865616239363535636430333565623662363262653562383563623961633235613732343732
30373234376136396130396136643939343939623234376630643961613530633566626134353635
39336631613835353337643837363136623435666663323839363034356237313864323736653563
30633731326430613365333666626664396364336635663731316630303834303361323531376232
61626232363064313734623163326337366530376461376432666565333239323538313865626332
36643463636436316332633335353737393466623833333338613235393064626638636666383034
39306262353131653130636265306139636264393762666135373261303738626365663031643632
34353133383161356264343563623862616230663235396361613632643564393834396565666233
30323732343662316563383464303262626635333937353435623938336330393234666437366463
37323465333036363366663330626431326535393366333534633431376163653733376535343632
35396634653933396164343766303836363366646361613063653832393965303034306532653631
38353432333361623364303066336431633736386264393838396261336232646265626265353037
35393237323265666465366463383865666237356364636462393039353561636637333234393132
31306637326466303430633165626232333836366631356366346138616630656165323461326335
31666163613362656335396463366634366638656266323537336634656364386131636662653231
62373764303635313134326531336434666565633531326665326338643362616266656666393364
33353332633436366665653131303561396562656138663137336435643033383335653635636435
65306466633161393832633032653666336362666564383031316466303262613037646535333535
37613431353333663939636461666634646238636332303633313864333439323733343161663330
37336463303436663064656562383532313633666330396338613736343331656665663730363938
35633037623232346330336137343233646366646435623662343566653530303161623337666561
61356538636533303731383136363637643530356162643463353962366334303762313239343761
33373661326662623864323066633537313337613961323762346333333863616238393666373763
36663638376366363362633631336365643239663737393336343235316330356135653033313536
63366637383234376465333237356665386233643139346236393833653061343436326464643735
39323862366431333631316236346661333135663537383963666664303830316233316531343566
37316562633431653465613432333431386133306430336638343765376535646265323232636430
30313236323565343535653763313330386266623266623461383164616531373339333831313364
61663536306138613833353138613236346531636336663065346539303964383838663563613166
35306461666263373631623531333332643832643936326435646138613162333461626264343065
31356264346638356634653530636166373263343138626231656137376665613936626631393664
39623862336437306139386634646433373264653562393866643030333038646438636263343238
353066366262376666646466393063333531
