$ANSIBLE_VAULT;1.1;AES256
33373131396438636133633536306666313535336236363166623863613062633836353965626436
3639356366393833653866623963373837626538646232370a626533633335383966383831313733
36666435643330303366343661623939366334653438303938613335316266613137383964656239
3061306332633063610a386333636332336431383231626131666336663362376633353566643535
35616534623130326435353537306464623265663636613066326637306331313339653732386563
65636438313463333633356632343332333239633861666433393962343531376134623461656436
35666664303462326365313437663463363661646439653130373164363837373234303937393230
36386565613036613863653161666564613133616165626361653731666263383233386262666232
61666561343832666233613536383739343739643639633966336565393634383833306363303665
63343233646437653132376563643535666237633338666630656435623937396465343534336266
61613434666137646363353361343265666434636533643637616238616333653238326430366464
33613832353265616365306665323061353737343261383566366134326138613238633830386235
32316162363761643764356630323932343235333265646436383234383536336136373234663036
63366133323831623934396338656135643363623137346534323062303964663039316233653065
65326665313837643232386237383034326235326535666465643435633061666630653164633130
33653961643239636166373236646463636265353331383132313534346636393662363161346137
65373931633163303062356539323561393566323466343433313666323636346566353833616132
37343763633032643832356363616361313038636663386530386533616636623036626363656532
32316430646434666661376165366662613637346234663434653730656134616237623738373235
61656632613966333266396334313432613630656430356430343136363139363734373663366434
65363766616437373539323863363638623131666535656433663730663464303534616431366434
66333063656537393234343863373365643730353065623731653762383730626339303737633362
37333161383362643063336338376235373032346639313564663234356362326339613265323635
61383165656564666363643730366234653532383734363166346435303238656465323539353433
37666533323135343463613036393334636565313236356636303436646365383933616432633966
34303335633063326365353730366464353132663565356330336430613332383536363330666630
31666464306462303632333338306236356435633539633135396330346337373333636566376433
31613166323831363335333864636435623937653435656435653064656664303862643834633565
39316536313930396332346461653064386634313463663539303931303136323134356533393337
34623261633831653662613066333866666331383337393963373636386233623066386433653635
63626334323666633265323736306133323362633231323165643264333834356530346163383638
62643765666165373936346239626437613166343136623063643234306663616232343138373634
32396437646363653465653464393437353831336536366637323663623432643565656165366263
63636164393963636466356664623161613032353365656132353364373330346536363134623832
62396337663737343666336465336530383563383166653631323736663534366566346337316239
62666161613136616533376236396363343230633139346233356562333335303865323535316336
66336364363834643135323039356137373634663332666130633964633266353535623036366338
64316638353338383765353834396439396436303639656239343731616535323864393762643838
38666231323239393234626434626633306462333961313736626166303636313062626566326465
33353962626130653635316161323865373863376562353733343330343231346235643561313063
61336362656534336533346533353631343164643530663865626437633534313832613536343633
64666333646239636631633064353963313239316630346461363164643633373366333434623632
37303432356234326266623135633762333361306663653166336464396436633637663366396630
62353537323736396166313631366133613832326161373066323539623361323737643562306664
38633762353262373038663663653134323733343563313465613866303366616335303135323037
32313839396265346139366137333039636662646362363564633032313864323936663533363739
37643561613863623331633166316366653136353738643330636238373233663739333332323665
33633336376463303466616538366439363631363266303730346636343535646635323963666338
35653937393432333636633432303165613730376466333831386366376361373062663261636339
33333330343034386238663165333561333935383932623436303932323464623038333164363832
31656237393366663266333061316666303831663462666465363565613535363566346364356232
63386533363365383564393337323836363234326436316132363966613761343963366163623261
65613238633033623566356534326238313535663938663032663832323362613966356239353261
38363266336134393130323937626562373932343635633362666235323735363838356462343038
65396237646237313336313133646264623964383566323065626339333334343637386132333565
62393064646364666539363734383134623639626632313630343737336437626436323639376566
37306530663439373938636361336332316434626334613738633162643638633361643965646439
62656239373165653330656366633534643762396432346237633564646334313561636132376364
34313163306336393963373635396432316564663534373733643733383131623238303665313337
35333037343165336663333335333735383665643136653533373531353235616430356238343139
62393732646333303163366437343838636130613237613037313764656631636262316532313933
62363636616537643664396364343139623832326164373664313036376639646536613233613863
32363930656632613061383039396535386330336332653661313635313431636134316439356237
31373931343038306331663435326263616161646161303664633164393132363062306232626461
63306163323833666538666636356231393631316335653332343831343965633461326535653766
35393466376330373137613564663732333131336161323430356263386331626534313665343430
66336637326562623831366632643231306630613561643832353632376130613531386435356639
63353637333731643161396532313739353634636264636166303761353965393066363763353331
36353138323464343665373262303365333139383731666364656631376237643666343762663631
33653533396339343730363264326231666162333130626631656565303436316138363034333763
63633236346562653165363437613436316339643561653361393663616562366632373461373364
39623261306435663330643535616466396132646135326639326363633834643936393833663839
31656262346536656465323165373830333761373739306237626537303333363733346562366631
35353863376136396462663437626637303861333531393466633461656334336430373461646235
65373037396466646436643763356662376534646463376535383964633335653065616561616432
66643162643130323938373737316561636634313261323632643330343065383166316135636430
34333434656237346362393566313864396162373231353763356131336438666165653130376464
38393239323663626533356531376461303331326131633465383739343365363830343037383536
39663266643966383362663465396439613033636362336665313162376339353035363963386335
64343833393834653937316466353462633033656166376638666538393637393862353034303563
36623462643437363763656666373634343337356630666331306337363538663062366331386661
30376135373564343133663637666266653137383432393865366530326339656633393763656562
31393737613765643339383730336461316662346236653034343163373339636537316637363834
33656666613636303230353863323264663764376131356133333962313232643064623163653766
66626636313565623239373334643934306338376133363432666439323662303132656166366161
34316133333837396133373261343531373262363765613537316462326433303039333137316433
33373535376236633861306437616465366463663033613166373332363763303364373162363136
64376564306635326337626165306538346433663961353039373662646466613338643163393230
63623134323438626562373363613335633631393938313339303763333030343237306531633863
32376533626435663931373938366131363936653032623563316133366362333731393430633435
37666266333262376665313666323336303239373061626330656465396661396332393630383661
63663761636334343366306532663662366233353064613961613065306166663665616665646362
62303865383833643332356333366538343861616262393032643166653836306563343534396337
63343161616561643933363264363862303066626266326232353663623932373334363861393433
64323032353761393634313663323863643437346339383638383430343638393164656537613134
35313765613461636634653563373139376634393136663334346237363763313736303965613936
64633561313537386662313365386263303364653562373936323539616237386336303864663163
34666538343065626533643064663063633635346535383666313937643837633266346566333061
39623731663362666230626239613138663836383930306566633038653133303761353061353963
32616366376236386162363736383738323736626664623561343066633634663937343531636564
33376161303461643631336133343864323031356537383035386139613330653266393230306638
66383362633266303830623063343634666334303561303039653139643765383938383838366661
38343532633565313763343737613734373733623530623539633130333037653337646636396361
30666537373064393965313934616138313733653638373363346336646632373761343262653732
64386332653232356437336537303162623266626236613962393338643535303666333663623133
63386132313262363138643439363234633261333736316333383761333439623737303164646661
37303631353461616236633833623630646538333932326238393466366466616532383864303533
37643138646562616466313964356132623264636164616533623731663931626163303666343137
34663662346138626631343063653366653839383538363165323633623036323830636336343939
63373362363438613061323932316638353538643062383961356130383636373365383663356635
63333234323535303563653466393831643364316533343331343232383437666434653666346139
31663130363166333834316236636534316135356136393133333032343561613533396465373461
33363631333764653036626535643062356334623937656163363537613463353430643937383462
32613364343934323937306536383339656132343964636366353231393062663466356463373965
66323765316632666464643735343633373438636630663162333230643465373633353962363239
36366235383661653734643738363263353730396464326362356336336462653561343634633262
32376131343436616266626637333966616435636339396662356438363031623166346439616565
36396465313532326332373161363566633132613137376262303337303062633032303632626536
34353361313434393530626164346433623661623764663763373032616666656235343664353735
64326134336465383537633937383235363230343664323732656434646633356161323661393235
38626362663031393233623637613961313336303064356262383562626234376132653034313262
65356130633865366634373932386463643634653363386361626261323962663538396161303263
39336365626663353437616462356563663432306164346163313032666464373439343938663664
61303433386533613634373532356231383263613237383565623564643437626536666664366439
37646166383365623866373339663839373465666231383839336238376266613264356365626263
37366634323533373231666161376234303130313535366332326235373865626330306361313235
613264656635356239636161383161343833
