$ANSIBLE_VAULT;1.1;AES256
38643439316463613035326664343965663630396565336131393635366635363037336361363039
3534373539323062616366386161663066383131396364330a656164623664373238356661376361
36663632366632356331363266643230333634383061306162383031633839393539376162346433
3135383832336330380a613139363938666265643864303930633137343733383938386339316265
64376136616338383737643162646336346438303530333363613264356432643964323837353330
34323665653536633761396163383539616566343532313165656134626537356330623535653962
37366130616533353631656131646235396563633764663839633239326263666566646532613366
32396535346234306437333931376332343761636462373730646661386233626239373363323561
65666637323338643030396234356162393932383136613261616164646331663234343665356238
33653765323365613365643865313264356637383133333839616437626635616263353137303037
39653435613532643339396162646330326230303534306537393234353664326537313566346362
61333562346431376666653363633333316436363538363432623230373536323239656633663565
62643764306339386662616363313764303035336538373931343534393662633731626335353562
34306632383736343362386439616132616334623162653361646264346139623162343230396534
64653964316236653430623965356130623332353031666361613337656137316562653065623430
66316261376561333933353461353539343537356137636536666137363833653265643861383138
61633933336339616164643463323836633332633538303431633833363830623834303931386631
61383061633632636334653235363235613831383738373531316336306437343861363333356264
31393230396363326664373237656166656430383565373734653037383537383963626265666432
31653964373264393232336336306636303138623130363763613132346362376335636532363536
65396435336239363638363631306334613761343334363961616434363462343061653132353563
33376562663936633263383261636238383565356232653161383138353361313931303162613562
35346338626138613665306231636630383066623034316534653933646239636437366631343566
39323365653134326563323133623466383339356233326563343336653462646138376137646438
63306464646161383763383732373665373236323132636539613032616338313961343833316539
64336266646537613365373533643066343433343163376466393031656266383234303866353136
38326132613932343465313632376134626566323333353735393139366637613532303332313637
38326139343662383832373562633731623763343339363233656565336235643535303230336361
65346462386565623832343737376130396265656533646137313634303235356361323235613461
39303835323262653430393265363765666332333431313937393962633834626138633232373961
32356636346232633634353833663965623632376138373261323438623463346462623164663236
36383430616463353966316162666430616235303765636232373534356262636664376365656438
39366331363965363066306365643233663865653937373438636566343064316430393666306261
65303838666230383835636264636665343638656233393766303933396636383132623935653739
62633437356466333663326563613761346433326563633563356339626439386135633366336334
62633162343038666434616538396361343737623736346662626130303334343433626364373737
63346337316661333762656661653532623062316238646137313861626630633737633961366562
35653663323639663638636436316437303261336539376132343131666232656130336364663535
31633566666633653737633431653133643465366137393062323131633665363132313065346430
31393461353331636232336536313261353538316132313665623861376337353534363066623139
32616163626239613032326335313565353338333361656338376162383538616434626433373164
39393433386464316233326662616533316363303461613461306462626633336636313162366634
39653730303136666465663939393431613037306233333133393766343464656534323838313533
34616332616138613263326437363961346335383963656539653266323232333532623362303439
35633766653139633134616565396564656265633739376164653661666563613337363164646330
34343538376564376134656631333231313262346131386635393561626664366363393031623534
32383231353635636662643231333035363535613864643939363831666137393364363136323434
31626538366466363437313137323937313430333566333330326139326138616136633063663162
31663163646636633432643833613266326335636661303666353362643766643831666362313733
34323339616339346433666539653138613861333061666666373039646538666665613062383435
61353665363733393739613236316639336534636232613239373330353437636362633165656434
34663332326166313436373065636437653938653431373438623332636430346335353037643365
62376438626264643662336232663761613139386363616438323266383330626331336135616565
37616564373637623261663332303335646638623261653439363266626665303436393665626638
34383565303066633463643162636231333766343662326264383535613139626362633666326539
39323834323536323238326462383338663939656137646664356538393735313864666634366464
34346335376562383464643736353334356237363131643031626233366265626161613332363761
62633731623937656635633432366431393031373436393064323939623161623265656237653833
62663162626362626436613264303937613737393330393738653865346164333830366632376461
36306531313262623131653037326665396465636562613162336566366163346337616434366466
63643430623632653264343761323635383264636435363137393532376337643337613536306434
63353332386564313662623864653764323430656139616231363933343463396364316362366338
37383564653037313934363035313262393435376637356562323530626137356166313030383663
64356364383935333133346236646438303434336163366530303633353536393133636263656435
33633563326630643261663439386639663933623139306237376538333835653765306136383536
32383266353662613333343666343263346264366535376636613863646239323338313530636233
39303165646564313231353834643637353965363039363162623464666530356361633633376630
62353632313034323361363038333062353734373166306661626431653139303661346665333062
34653135386132626437633131323735326137396466383761643130353937633832393862303939
36623034633165653039326461363437643637336332366232383962383938366139626530613635
62383861666131623634633635343134353638333262356166326662303761313532306531613930
31626135363461666365666232613432316338666335623533656263613564666230643063623466
62633037333364343166363931656637383835333335643633633562666132316262616430313938
61643435633035653165396434343130623233623066383432653639653531343538323461656634
33393638376332633537323961353639613536316265663236653531663336363935303366383736
30303734346237663236656230353733373864303161613461326665623066626661393438373865
35623433666432646130376666366565343939653936313430623630313637343236373630613735
30316239333836383666303462393931373266336664396265366564653037333666346330656134
66396261376331386666386164383430626138393865353132353764353466636634386366323362
39326334646433333234336135636365393230343434353637383465613262396566343632313034
35386265653634626436623338633064663565656563393034363263373339343430616138623030
30373634626133336564303738316432353265623030313633323761346665373066636666663235
61346265353134316334363965353064336666316534393232303861636530303530633538333837
31616238373738653833303934653462323263353033623461353034613737643934373736646461
64636634386235336136663133663937303833623564313033323030303539643639353433653533
63613664636639623037343631346230393731386334626164396439343662326664386566323766
34383538666363646532363662643964633933383432623462383639313330616461336533643461
34333935646336623033326430336637616161303637383634643231303465613537633766393639
63383163326336356265616237316534396662313635663865356665666436363331323139386533
65653535353735356261643863643862313739326465336432323562653732623465333535373764
66353832376461383733646639393364373233326437336632653863363334643066386262363866
39363733653632363661613062663439643136663963633332353232313139386230633734343365
66656664353161316231643738333865356466383937386333323166383339393031623333623131
66343331626661616364373664316264666231326230643864633662663737333463313331643463
65616563376438383631346265393138623965643463653263333330303336633932356131373066
31626636306234376166306665376566366663396139656663336138313038373534366664366539
66376634636332306232373836646562343966336234653966313562333362323039613064633332
39383234316135383535313666376662336361326536363332303461353265373362633432353236
63383137663035633833303132343764303432666264396234353033616233653630383933373135
35613062366463643661616466633966656661303662323962363366616661326237333763393437
39363764623863353461306636363661393138343963653361323966663830653036313063626634
36376665653433613037643630303962326430313737646136633037366166356661376166316635
39353464313531393264356635666137653533656261383439336234363063333839346532613531
66333262623861383231393935323730316432373336356531316634303534666435613661336266
39373438356537336332376363643230626330386231366264616130396138363935396135333763
37373962333136366430613630373861386630616435363766313462633664323232343261666264
32653263646264613131653265643364393865383461656334343434323539316164643233643434
63346430646530373961616334313664313731306637356235656632393731326439613937653832
30663033346230643438333533613637396365663230613039316238316635373031343561663362
39366662656161633266396134346664643333633731346233626638303064356162653233313134
61636465376139313132333239356531636537386164653765366538386630626332376534373962
31346333666261353864616636376564303839653432656432366464623363383738363761666537
61643465353935626434306237346335633534343666326137623461613965353230633664323165
35643831316335396661373461383934623939656535363731386266353936393638363638353730
61633061343638306566383564346232643462376335623531396662316665333466343562623831
30366431656263646233653863613864386162616137353166373931613463343161663962373762
32643335313635643432383762373630333161373661353731366638366261633133633239316537
39613661643539386364336537376439313930313036386332356334636264626534636265353839
36373862393837616634303130336634656134653038373564636332393437313036643435666531
61373531653036313566393466366261303437376664396565353262323531343938633238356635
35303239646636356536333036326333316637353136383266343236626438666263363231653035
30363936646266626362633434333636393231393537326535323837333937643837363363393162
63346433306533616366383762353536343636303862383064666261353463393937613231663338
34393061313961313664363462636432306462623936613331376632353866656164623763323762
37643133643337643039663932303032333461666136373136613832623437396132656336613262
66356165663762353635306339663262663261626361383138656561363931356661353763353437
663061373336316165373265303862633964
