$ANSIBLE_VAULT;1.1;AES256
34616664376436313634663734633532326637623565336238623330373162316631663434316430
6332636662646233333663366363376665306262396232320a386130363936663863303239643739
62333861376165613136663639343939363532373361343962363034353230346665343233613161
3332626532333337660a636432626638656462623364623562326437656237623166396436303137
37383965336433623163356665633333636235393236313864663462353637663736613235626436
63363439663034393833663963666633316562613435316364623961376330343034386632306561
38396262633237333436623363613166663363343939343131623461663330656335313961646364
61363231353733373731306439333535623133393637373065343334313238356637356634633166
38313538613230633865376536636266393466313930353731343565646330383039393232313961
62356466353761666562326466353930373331383663626534643938373035646138343266353633
36313130323539343831316439333438343931623861623432336362336232323462353262343632
30303630623364663364616566343438343338656437363332306566373266393934353534326239
34366437333337666232343061386566613933333933336638316330323732383237316262323837
36663866623638623565316230616136313037616166383165323338653634666233626562663462
31666662316239333031636661346433363934326664363461326532356139383538643633326634
35353335383531663664646464656565663162326166363533323663313839356664316664333134
37336236393462663531663265363062643063333961643566616433643731333037363264386264
37643430616635303938386235653666636338616637613435633838363430353031323333643533
35343161316464366166383639636165366232323431333863396433613731663861616562326232
65323962333638353634343635613039613936623366376136653564376563656465366636323465
35643465353231366136616563336566336465343730326630393361376565623332353230363539
33313433633332666434663061353862653735663234306232623033326135613037306266366535
33373830373638663632313033636363333734396637383338356133363165333664343835353736
62373339383336386561323436353232653261383839303231376266653732393038333861663161
65366638646665656139313532336533353266333266633231333666346232363439626265363435
63376539626563313730666534366562373434323830373532633461666233363831386162623166
32623930323733346165346535376432366663636661316264306163303536346630373636353064
32313633623431353831316134376665316435303833353135653131363134653338643561333861
31383335366166646534323739356432663864316136653634366230323164356632373832313532
32633462383933613963626336336337663063626437343734316635363632613233353763363531
66316530306233616537616534643339323734333931626139326433306466386536383034346465
32663130343565373736303634653932626632363734366636376537393137653631363238616136
35346133386635353639386634303366343834306238373531373066613561393938306136653635
36356237333138303532666466363539653138316433366431666236383335313934656232613466
36346265363961666439306530623166663337643463316233326635353434353836316364343038
65376662323533396539393863663961333036623639326536306131633636363431326130663934
33366238346465343164393032363761663465613561666266343730313730313262363333336438
63643438353335303234633661646535373338643039636630353935653335366232323764613435
30396264663034333062363438333663363135343661396133373637303030393066623837613062
30623532336635303062343630373565336535663536346430303137303139303832386563633266
33383736393535613138383836386338346366643032633966643265356339363561333037616533
34643339336136356364653463356132636236366136623337376566653233336561336561356466
30613234346635366236643336663331373163616238343532616433323839616431326463663532
65613839306564356166643038386536383663336165393963623366396535306363303032313766
33623936323437353864623338623063636639383735373537353839633931323437636661653966
39616634396139333733383032643764653563343833323434646337346663393538623434393435
38663164303836633530393738353636326139366435396139303632636234373664636237316331
39343137643066623735636332623066646666663163333964353335366638393633613536663335
38313937353939343966346139326361383236343163636166363531633838303433353131373730
31366362656230663439313039376262613032326137343763393763623666626432366336333265
65346136356139343532626336333936373537333933336531323635376234363534333164636131
64393830353735663935386361396634666530373934653534316463616436383830643866646333
66326662303065323466313531383566346436613662613031313130373735636231303836343464
36633361376135626665303664643162353731623264333062303131333834336366316539346162
66326536343530316133313334613830656630666539396465326239353636393539346435306363
62356363643066313034333766396630313262666537663238393762336234373639336338643539
38623161666638626539346666353531613161643634653231386462376233353238633638663133
64313537333461633462316437333062313363646265636665393264313932316134393066333032
62626463336434333963646332376364616462313934643764396138643038616532366566323466
37626630666536653638633066666464343330326336303766666231363237626530336330656437
66306465353332363438373536383166623839613166623834383562383832393864666462326530
39303336333466366330653561643237646433336232336436396330393362313262633138656632
63313531333766336665393163396162353566336331386233376562373836326331313237333630
32323532383365653238396532646233383665666265356437633838383432303863376362626339
33653835316334623162383632353966303763393833303036313661333934313532666666663238
36343039376333346264346463386338393939636534336332373734643163326664666365356462
61386166656433623837383136626133386436373063396533626335643538313762383039313662
33353536333733353161663233643637663562323534383333383930646461613238316366393335
31306361643730643864303962326138613162333334303330663865663463626236313039313734
38633165386164393661386539366434323136376564383464356561613630626137343237613865
62666435373132343435663739616638393361316632616464373334373133666261633961636336
32613037326264396435333634316235613364353134663566643935326434376237633934313530
61636330653632333563656331626337303934326365303261343664306363343661636136363337
30316461333833336261353065636138623561376436376236653966366537656466643338323530
38353636636339353762373233333436623339363362613434306666326632646664343430613836
63663765333931303662313535643764313939393632373836663534626166393335343634646261
65333434313533346339313137643463383934643533386637356164396138633032626139386566
66643730336365666330623934376366663136343131383766633637386432363831393533666235
37303134313662303331393861356339353562613135393965383530646665303139353739653437
62343664623638316464656166373864373861323063333131336563376134346663303131616465
30326134666162343937336333393730613536336264633763356335666331346564303634636132
62623632343339333366383738343336643666343666613461376662313939663462323835373038
64393135356465393335653637663766613465646430336134666637363463303239306633356436
63393334383963633837363963353239343062313935643065343764666232613561383463383739
34333332386237343163636534313461393663613134643333636434353937323063643536616235
62396262353837356534656437616239643166356565333466646638653561626461613364663839
65383062393935636338323535316166656234353035323936623238313264313530346632353766
61393039353038616138666233626666316161646333626536343661376138303566346431636635
39363830613462643463626230396361653438616634376634353631653562653961393934616562
36316263306533363165633862376462626631613439353263376266633533363536643038663661
33623265333763343538623034626265633335633738643561316664333764626632386130333931
35383735303237646161373839656263306530383761336461366636323665333234393034323037
38613837653938656338336664393633646136333265303538313866386138313138313665623439
63383964663761373130313563643637313330373935343038643830363930323330316661643633
35393836346262316233346438373665663530313866633961313138366462383231323862313737
61353164663135306664666331323664393532383466383563316364623438663332613034613761
66646139626562613331386662353439646364383261356334383661313666343264626436633966
30323331363664613334323265656133663136343430303830373930303130336163306264646563
38636266383138376332363338376234363066353563346235326237383466643930643261646163
32336430636165373662353564383866313130626135666331653165376464383431643631626162
61373933393136323632613861633338336164336666646264323739626135656661393233323263
62376633316430346466333862363733643535643137333662323461313033326537386633653362
63363830633736353261653834333635626439303464616334393437353138343730373839323865
36326130363736346661333435393133366463383432313631373062366261663166393632656439
34616666623866343533383933616261323265383635616639656162346635633466383161636133
34623335363532636139313437353534656231626635333363393132333638306138353133306538
39303436343730613032376436336162613733366139393937326334393862663136363733373234
64373766323562646537326630323431643662313137663163336430663366333536633736306563
34333639333465393339326632383736663336643831336434383039356236613732633661376531
39386565663539653066373866313062346336313564353466336461646234303666616665613139
32366562323730316237336430346433623361323331313764313430366130616361343036333666
33386232376164373337396263613230636234313063383061333631666661666533333334396333
36613237326466633666643566643532333733646661643037626636363235626438636661613639
30633763303930366364346334656463633262326335356231643635646136383837383631646165
37653163333931373861363831316136663461326331626433346631333138373761393638356330
31623461373432643132653039626235633962666638373163333337666431343034383831346131
37373361626266633262396231393464663539363037363738363039346132656162643037316230
32343062363339363035326164626335616266393564643031356164333338376131373166613662
66333034373064363062323436623465643139383337613265393133366330383665666338343364
30356164393966373966346466393339376234666234356164353365626666313162393861316465
33646362366437326566393064393730386136636564633165633331303361616461343734626562
62663236666236656363623866306638363530623732626630303563623863303638643331353266
62333432633061323633613263363339323739306265633230363965656330366132393538323930
65666634343738613964663137393264343930373432643437613430306437383338666266643932
34383332323565356566326435393937656166353265633334663433306437363834313664636233
30336632383165353365643232373433333137363937663466386264376430356565383065303637
626539316135336463623263363533656433
