$ANSIBLE_VAULT;1.1;AES256
35663863626563623262353336386134633137313265313736666130366564653738613930653066
3434613535366535333665373030363039306638333464620a366137393633313938653466313933
34353831656338343738303362316132643935656537396163653361616231613930633266316632
3663653738643837300a363836626463633234373831666130336339373639366431363535363734
33313839393966376630623062643636343932653134393761336234366237396365656339303761
62363534373261303265633732623532303964633061653466613864623261633132373833643962
34623539396531363063666263386366643732376266396361306231323530626538346135626436
66663232666533363963333836383163383738343832393135333962613634616235613739333661
39653133623561643463306636353138386261663230363630666336653036626466323565353732
62343334383039326162613766663239663064383766356265393536626364343334343337613433
32326333646531613662646266306161663961636664346636366265303236396339366534613363
35303837346638373838663131623930316265633832623466363066353536363036656435643235
64346666336533316439613031343666353532303335356631623666656337313336633835343661
66396638326535653033626563343838613865323435626463333036336338613530626138653531
30633838353463376238383036313061653833303138363337646361666435383763353734316235
63373534646234373834316536336538386564303538313464333831623331633239613438396564
61646235303831633636356537636662623864356163663363383862303765373332653666346462
33653337633963386538346539333937636261643333316538326138303333303439343966343938
63626634353564326436306337636637303137366261393639633365636232666634326462323530
65623030363365636564623535623139656163383337323931396230303139313237333861623337
38613837653466656132316436363866336262393264376161333239636534633364363230363863
66316135623330326364623666326134346535656637333134303330313433623030326666346639
66306261303034393066353830313933333462613561326535343866313537303638336238373932
35613264353035303164633963626132343636636232643564663738636663343433333738333537
64333466633038643733613137313439633565333037633061626339643234323365613061663435
30386535656236303830306335616633363466396565346439653030646338373930363038653939
64326362656161383538623961366434373733616635333032306436363438366431333937313665
30333531623638653961303932663337323665633333386638666436316236623161323536373735
64366464313132336162303632653135383561613665376531623264373930373339656636303466
32316535666534306536373639333731646633373865363561663130653735313733633535373231
63326566376232393864623238666266663061666331386462343765383337666633356339643235
66303438363636653864366337313933616539316161333534353130326133323038636237383764
62616564646534356164626439613631356431303137386262386661633133656631623935643863
39376664643761303764636335306330626233346138626432303162623630646530343564316331
30653935386535643931633532333337633466373231653263383661643937303134643766653566
31313466643439316236616431303438303332663066383064636238336564613534636365386666
63643864396534663635393039663733353134353338636537333535613331313536356133636637
66373066393335316562316131353432343562303962376530323331616639623864373766613761
36386132306231383839303834386466363534346433646430363034333466343666343330626664
62636637343833616133373031353461653237636466636161613862643564383032356630663464
35396130626438303632633034343534633762353236343934346232613965366535653430333062
30346563613139653130346164356663653536636338316333393432613034623232643936613336
30643530363834616531346366383834383334626438353238383362356166303462313633376233
64326536373339326334656561383636306132346334316538313536636439313333313337643736
66626138353962666465653234373133333766393366653238643933306239303938356166663761
30656661336364316566626133313164636561636561366165343538653335633261373136653039
31343831346663373663303732373336346539636636666661366236363437333333373532363030
37623734653463623861306434393737633566653833343662313462386439316137353839656535
66333433373364333362313135353261636331303435333763323935373362633162333364306436
30316533653530326232366431396466656631653832656630613166363534393733396339623162
63313161363462666431386334393930376539616633393432393834636635323939326632663061
31313066376237656132323336386531393735626666653633326336663030316439636164386131
63613761623436393161643263386539656535396532366566656639333831366261313031363534
33613731366336346336353032643134633261663163353130656333633064373631326334346535
30616332316664356237303264383031383430333965313963396332306161613461663837646234
35393636353930306636366233303061646263636163326139633635353663316137613264346265
33643839356361353465386136343165663530333139396130313761363935393762373261383161
62303663616338653137666333663531353933343764656163643963313936356166666561636438
38303039613538386362396431336636373365336235636133376163653231326332393361623666
65656331623533653738643233366438653766323930396663333263666461663234663934306439
35373139663334336235303334363834623335616531646339393462343533313233666639666165
66666462656133363939633432653961363937363961363862383339303337303036353931326364
62633334306563396436386432306362633531626238346463333130363138316333343439626333
31373465346530363533653937316534663662393930643736303632326563316334356238356563
38646564336661333932326139373362353130636364623863353661393138643764633765663930
30313733313333383138623866383761326439336565326465633635323665306663666464623633
64306166626431376131313364383066666232663665383830663431383261386534303139323332
34636138626636653632656361323438346539303062336463623833346562653764646436373734
38323438356538383931343166613661623334353130333131613531616463626631383961346265
33326239653265613834633361646362343664346634613036393637626137663661306139376436
64363133333238633935616466343239353965373737636533653362636565353265613136646436
33323839353863626137613731333062306636353538623637313632373261633337306662336666
30646236323639663835376636376431663633643430623539643535393635373135613532643662
32363531663063396562326437383832666337653132363233326633386366333561303031366636
34656234323037626532663834383035626431393163356434653431316638636338613563663936
35663436383165616633343630656334356636333966376239326561653238623365666136393231
66633734613736383163323031386430303031646130343462633930383335666438656564643433
32633836383365623332386664626365633730383338646533393862323237306535623239356339
61313932343665373031363566623235616531353233376263663462333063303137366239343738
38623935326166376461366134343738383837353965663061653538386130396162393433393763
66343464353366323066316633613933393332363837613762353036636531383366303362393134
61616362376133376464336630613563386336366430626666613030366563363731363839313534
34393133353732323833333165623262346631313131356662373939383936646237376139393132
34386365366561396437326261373661393336336263313264663061386639313739303031396161
61623033393534313839653962343239393139633230653335666266393235343831616163653136
34356232386538646562313362356264623362373965636534613762386630313037333332646466
37346563616133636562356562646139393864383633363138303339373833343636313732376237
63346430626631383433623766363034333362393963633765666135373936666631356430386637
36653732363632343831346233396663623331366231316464303162373331326430666331393838
38666562316532626465393933356335373332393430613230303865326264353934363637323164
37303631663265643835313132303438366336306638333237656638383264666164323635383463
30663263653033616534636163383561396536316233346631316234313732383138353735323666
33613938323265306466333333353862396635646261353539386539636637336437366439633764
31343139653165323263656333666530316565336330363939363035333238333133653737396464
62343432353961643639646364626135656261623766613636373863306464613061323162636138
63316464626464643364653739656238333435306461386434386365633561626133616266623938
38303664633734306434386330336435333031353531653262633766316238376536613735343162
31633163336339623034626330376632376230333233663036313162376430356237636534376234
63313032633235366137353232663961363533396166616136316362623438313966323732323138
62653335616161663032313138393062353738303631616637323962656362333064313831326466
30633335326137303233306262383264663662636263376433336438323233353637393237366235
64623063313665323239376233336263386236616134373165333064636162633235616632613131
36323665636138653465346336646132306565633065613732633132636538353362313233363336
32393863313339646139653163393836383137383236326438626539393436313865393863333736
30313466613364383434656534306133316665313731316461333536323761616134643930643366
64313633643138346233613039346536343334613436383537656230306634363831353932616664
63363038303233306630396636373863356261663738306638346532343638383936623538616434
65333665613765313032666134633262343965303434666561333033643337326162326265323334
39623334376133323738386461653931313439313163383861373434373536346162616239323761
62323531376165363362393432383237666333613865346139336364346261643661333766346562
63626537363333373431343739643465363835323032336635383961353638326638366430663134
61326534393137633331336230376635636632643336643561383630376364306138313261643139
34333162373234643036623839613162393461633630613466303063383463343036633036663732
66623538353937383839633463636632666336636630393736616464633733323533356664396661
63326331373362646138323663326632333133613437316132623033393931376334663936613631
34633862623662656335313236386365663663363239646337663066626438633732643565646430
64336435636561373761393065373463353530626364366461303066373362333238363564383538
62343532663139613463613962313236633263373137306439313464353732643936616634353539
33613161653636333338323865626632613465303363633932323630313064636634376237643633
31363063353635313264363261393135653136663935373135383835333763366634353533666563
33623366343065303337303939333632386662663737633033316339623465313030333561633338
66393033313334343063656632333638316263643561653331646332343734343339396638663332
63616665623733343837366431323236323333666563373436313431636636343533343630343430
34623433633266663263346461396436636432353733663666396235366638373337613835316130
39356264306364653262316130646432356164343135313065646337663730386431363538623261
35653035373138376463333564306666336139313163656530376361356662303564333936363266
646562303661343561613961343032306533
