$ANSIBLE_VAULT;1.1;AES256
30383531333366353033653630346432313765353239643739396263623334386666616164373965
3263616463333065343235396165396465336435313133360a623039326536653566376464383163
66336439613134643864343436666364663962393938333738393632313032393033316335343336
3339376266663532350a363134633638633732316562396461636230633334326365303133333665
31396634666465613364643237333531613738323166323662316537613936313561306465356565
30393065336565653864353530383262363533393362336331613564326466646565666162346164
39353133393132313436613762366561343061346438663366626532633931373430303336393935
33313838343766646633383665653037393936323435666633316134366437326266663537656131
31646138303837383633623336636231353530623166323532323437353337353765303531326235
37373935663565626332616162643237336462333366363536633464353532353938313833373064
32333630323765326131306339623839613532376339616138316163346233353463323163366633
64346562383332376264663162303562386533383966396461343930623566336163643735393931
32356534653766326436306235353630376532626164626532653636656531356563613561646634
35623061643030616532363765303030653863393539396633633037303639363166313438313966
37663138336137653736393735643136353439393231643937636439633339326430383437633962
30316363343562386266306238336162393936663664646433613238653639386531346230633363
30653639643631326637393036623166653330373562646166326365663733313664333430656433
33306530383734363730393064386463613466386636343063623331636536363536366234396137
32633465343662383734633937316565313431393065346439346162336332336166343230376431
63396661643930633734396135613639356265373238353365356366346461316534323536366634
63613763643839323838643435643466336465313164616639343834356532383530326665333038
31653235383230656230313936623961656637363438313537313135353361643735323239623564
30366436336132323430653930646333386338393538643564643835646334353438653937313934
37646636623864656134666533666439303861646261623735343966303962383132396339623061
31383766373263643831353461356132633530383037366665323565643763666361363065333437
66333063353030653435323033623735303634633534366564393535616434333730346265653065
32346336316532373364386632343962616662643338303361623564353362393963653864303435
31376165656136336266653532386565343330633932613234653234383163373233373635663464
39306634353734396337326265393039343166353564343533366161356334656437303930366432
31343834336534313161343132376235633930386431626137343633303236613837306531356462
35653230643637356333616666336463363865653264633632376633316431653465643432633161
65363732346663363532356335356535303766623930346233343130346634636535303036386463
63643738393630623038323661613830316432396131343535356337303464376432303061663966
31633164373761656239656134636566656234303964373461373833366234396237366161353739
65303632386132643437616334363634386430333862663162656265323362373731636631326461
36346461363833663862626230656461373230376666303465636661666339353635336237626135
38313630663731393632626464646531623037333236646539633232376631353132393534326464
36666664313534333339356434386366663363653831666665623065666636343566626133623632
37346136376338626230633535343466313333353838363962393034643032616130326538613461
64306534663461666362633035383138316539383730366362383066346132643661666236383031
66356634633837333233653238646235326565373335303338303732326536653131636465323461
63656664613165666632353934393233626531393137383964643766366461333838306336396338
37623730666136396434356666393665363864366539633535323639386565646366396130353439
61646333663130623239623862626266623235393262303138333133383733393838356332663261
37313663363131623436306537613533646561343835633437313866616634303634386437613431
31633163656131303739396230333231303635663531376362653039613764356661386664386638
33633232646465363230333431306132323964616538643331653233346161313631353237316236
33303635623863333732363662303966306433656432353362633734363261336238333337333236
64343462636639373465333936353461613033383763626230353562383466616338303137663037
61343631346135353866663863376262303661393632656535633235313639303763643438666434
30663438336630376362356362623763643236396236386437643133383333383230643762343934
35646532663535326537663234363033653239666562376464313433613535613963366464326639
38316365323934353132363166643833303930303131646263343661653833656662393466393238
65313430613439373661323430326563333566613762363065393437366139393262306532633033
38666162323830393763386461343537633961646332653131313030343166626532303063623535
35303562326236663736326331343734356133616466623332313062303561346366646134636163
35376261353734663165366164323764326134303663666464316637353230643434383437333763
39353336323734323632386638393732626333616434643838373161643131613936633439376165
30363630343531376639623933623864313330343231663239393433623035333338633664376432
61316335343637386438353830353164646264393462623138356531326139343066633630636263
38393030626661343033366462366133366333336639663830343562646131376132383565343439
37663430633564393537616635396336373433646339313162393231343734646136323265386434
62616461643835633733376536353639623864353261326365616561633466643064646434356566
66613530616631656531343738306432616634313762393335633162363635386561383532323134
36356566393231616534663161333836303438623065363966363933626436656232613465356239
65323730346431356464663566656261383431353731626639323734613564303638323530383065
63646266386661663139633161316138326238353730636430633664393366303935616562333365
65613064666564383831623864646464396162616135323366393930366537363838383738333638
34333661303535313435373335613165356430663665326565306330353462626662636439643461
63653832643565373564366564346130643130653366626562653561626237303933626636653933
66613837613364343765353866393262343865313031633232343966356466643761653263356339
33663164363932303934303035663837333635616666613237633736376136303535396533666430
31366631353231613662653063613937623563306266333566323634646230346132386365633562
36346339303230326138333631633963616465383834393537363937613837386437636362363932
30666531383735653338356337653139313863386562333662633864336664636463646138653337
66643166346632633437313732356236343334613065373132303136306237646231616339353130
36366365383831383463346662393539613261663331326631333030336238353031336662376235
34313733303733646634666662346131656636336231333431363633613938303437663232633464
36316230303730393163366633373764333864333937646131396436366466346662316236623330
32313662663364386463313839326239613864376337323163633637336231393034316666376133
32616235666463656263373561613731643636313666623265303134633735646661646532323931
39623963386261376135366461303236616130666361363834386562336166333733343964303162
30393634666262623730323965336539653132663562376635353165643366386531643461353136
31356633383530643437613562616361393835626334626638353139663333653366356461646336
35666462306465313266373032333437343737636332393939343464653637323265323832356432
39653232303036353534653331656134626561373134343462303661326366326361386537616661
33653939376231353834366461333031353762386533396565313466303664383136643463366430
38313466393064636565323965666634303161656231666339646136303364343637396635663533
66386135363936333039343632663631386631623331303039336565346364393165316132626532
31646364383535613237393532306637613331633262646666316638663061383836383736323838
39343064383536316139363839343936646361303030353661346562633930386533626239336162
66626339613566326565373264613534623163633363333435346334656165393533383836386231
36656338636264373564613238373630616139313233396365326531663230346431323633323963
61633937393639333433343766653965316431626365393130663934666434303762376665343336
32363762376131383031626363366337616133323139376438633030303063303537336135633862
31333164663431376537326361366165646266383065653833323965383231323464613865356539
35356231323837386561633233666234303461313332663761616265306438353631623962653533
65653332376337336633303830663333316535613931343436393437643563363432306439643834
61346439363730333366313862316461336165393564376233353233656661643461366434353561
37373761393961643165346136303034626564383561393934376437333137313163303262666137
37323334656434396638326432303439346163326236336131306266306338666432386235663964
61346366613363343633316661383838383365373232643939633632343237303230356262336336
65653435303438646664313864313632653837336262323730396430633134613832326534623362
34623034356436356466393231626537666364323564393166303139303736626164343366613135
37373234616530363434316265373061336238383537373263353966333635633434376234316633
32653733376230386161353363386237373665353830396537623930316534646232666531383837
33356161303463326265356232313337326139333664663835356333663934313361336634646330
31333261373939393965616336393538303233346636613565343036313636376332356436646533
32336464343731356238306236303632306161323635613939613666363832353361653837383666
66313264356562346664376630323533363164363331336430326666313262343962626266373762
33316264626261326162323537366338303164633339653665313136666639643532353739386162
30656637383738613763323232303861613135623433396330386539323739616336623064343834
37616635323464393266633834666530313764333031363531383666383232623238656161313434
30633965346338636265653064393237326533333061663839656638313263383464303663316635
32333063393332653135613633666438613162373139633265636237663233363730333136386566
65326632363834323263373638323265623962333064666164363637646562633531623333333166
35613634313039643333663561343864626338616132316433613462623164366237633136363366
31393933663130616235346265326636633835333166373732376166663237386539633138356435
65613033663739666165353438313137383732613835646133316239663937393039343730366131
34613632353230326634393261343336353134383762633866613335653836343639646237323735
65376166353437393632303666323263346239313137303531643362636161613532306662386135
64313237373231616566616536666132313138636636333664613061626130323735623833623561
31373234613264376538383964336138363265373133373161626533643861303563393634363866
33383436323562653636616333623532326537656438396430643335363861633930323062396164
37303564363864363265616538646465653764393132353163393564373132343363323635303464
61663964393764633734623364616532633031373834666239303661643963376431623463373337
326463343234663236356335363564623865
