$ANSIBLE_VAULT;1.1;AES256
61653430316532636433653838313730326538303737343233373136313032396138363162396266
3131393133663763646262366532386435393266386664300a346130336564333764343766643137
36353935343365373265616666326332663837356261646635313038333463633739313636373330
3634616530663362390a666233393466313038613636363835366666666335343733313934336235
32323066616564363034616262386362646636313765376532386432356638383866623231633936
32633537636666613763643431376363343764386231613837336539313938653366323533623361
33643365386438323933323637613364613337396366363163313238363765313033313436353536
38653831646262393265616331353139616333303131333565626633616362343234313932393934
31373337346132663364363838386666333530393539303037656638333233633933353530336538
36323531653636376339373162633837356639333530666361356364326166656332356136306565
35373539663333376361326432663734616435346632383435306430323438666434356235383664
62656462393238353132663935313265376465613238386162303931356230313363396430653631
31386430616463333865636234643861353336663934623234643631663935346164333733636533
34343035313136313664653434356334643266353832373930376238363234323436393666663563
33623863626538363966313261626231646163353230333037343066393863383130356633653636
63306531323866623634336665353634396466353033613966303736306630356637636566353566
61393433386430353561653034323162343635363930356434663337323838636532306663373238
33613133663435626563323932646538336135383239393738616638626535616334333734326338
30393263623364366230333736323735363937333832656339633164653433666161316637313562
62666434393837313864633761316334303334643835346531633431366338396231393633663030
66373865366437656334653333363466643132363234326534376537633464313633353763376534
39323831363436306630323338613334316262363162363233396633353337616539393030353435
30396536366533613434306365383733343634613865336161633233653861346239303137306637
31666538616233646436386465346161646665326536613032666238303764633666313166333634
33336436393332326366636563633766333562343635623930646232633361326235383866353237
37663266363636353337623865633838303037383933346363303132643366356231396563303362
62316631623739313039396433353432633766613838363732363031373861656330303464646663
62396139333838383633393265636630366337306666343233343965646163636530343837636133
39373833653462363139313963643133383965313065386336643237376365343732343830343862
35323966646264353732663162653062373138326634353039313461326264366631386637646466
64626431383634313664646363346261316432633231363339653238353131366263663034363931
35663563366538363363643266666361333130363136376633323136343261373965653832656233
31336135326238313330306339656662333133633764663163666534333962313836663161333565
39653362393430383661363838613731613064383263613061626635336133373761313264376365
65343830353735333063343861623339396637626665373963613632663234646135636637636231
34313863366231323464343031303130343465333439323437336564356664613163346138316164
31396335333536333932306464643736666266653262613837653763373832333938313535386265
36643834306132636465336462313364383436346337633336356135613564363538316438643435
65643164326566646136396662353130663035333434623630393364616631333333653065313964
66353339633861303639323231303937316538626435326231303565633937333938323339623931
31336230663639353432383136623032326334313635363531613766363163383736353635616266
63343661653965643664313534363430353234643038366130383238333837363935663339306361
65383066633833363466633133363261646132383731323833663431363366353435373934303339
37303135633361306263343637663363633038656536643764616135653838663462343539313966
61353538663265306239333239646633643833663330343363363732623265343164623836353235
38373730396365616661303430346364663063616139316435373937646465623766356666316334
63363931656264633434313730646630383831666163353531303766626538656335623239616435
37373234333033393633303734353236666230356431303735346137616438366536366230303431
30333661376135383664393232626464346266373736323163613663393732323461363162646335
39333165303633343137373234393735323638316133363964633664353262363062323463633930
32626631313063303264336433393264636138353063323061623961376637663133303633383731
36633961313864643561613531396334653333623638646339343034353062653365336630643734
35346433636634646364333835363033316161376331313834353465623565393135633237623731
61663035613933663637653138353334643235623634663632353764353336353432386232663632
61313465366338303766313335636539376430663933613561326662326662626335616631633866
36356266303534366134326562656135626138633134643035663135303561393139636238396137
34383164333462383930633538366364386231613432366432396163613632393431376465306164
65653632613131356231313863383464366665316336303163633435323463623262653835396437
66366331623964613539656331323066393063303936383664366233353462666433653430633361
65323965303030653730343438653663313132346531333531373163363166646665613462663437
33393965636330303764643132323933313733623161653266393861343037613831396233643331
61613331306436663561613036643535396463643131353932383638613637313465396337353365
31636235633531373331363430376535346333656332316637343330346363643064346530366332
62336630343537306164326566333037343932376264356336653335633438313037303830346539
62366565343230303833636132623234333432643133633163343232336232373165366331313965
64353837623036313136636432353465336464623734633762326634636539313732303637653635
64363630333139616563346164393766323132356131393562333130393239393838393937333065
31376632343365333337623663316130303839656434333232623736656663323165303633323130
37316461613430323162326435613031303936333739326161353032393334636439383832656361
34356662383539323531653761373362393166353930393365356265366534303462636236633362
32643063666134383261383837386337393164663639643464626336396162643237633264376639
32336235663165633738636565386332363438643033666431333731303339636532363662623263
38393963636636653962633536303563653363646430303235386662306330316431663433663239
39373338653462313634316663656662353133353938333536383638366263333261646462346638
31313030663664303263653563356637333230366431666135343966653831393437343431633332
37306638356139653262366135313131333732386665363662346135653765383531393431363138
34343236616637356231356537366536316533343633323230316631376566663261616139616463
32393536303565326132323264353136383163313535346437336330663361333934396139626564
64396664323062363465363333626132653264623563336335393334353036626663383566656564
61623063383430623231343132636537326531643635336564646230333037643736663736386334
62353733616336393663323434336231393462383635646563386236663636383961316334633833
39393736376132396365623832393461396263303639633530343032333233333661366532356131
31313939613633326461343836643738303634623365353866336339316362633561653836393334
63373066313731386638636332353137663231613838323633386231356166326338383539656562
64363664643835383666343138613562383065346462393030363835613434336662636432663638
31633335626637316161313735393964323561363836303165616630623565353331376432363430
61633136663536353032653735353634633239663034656132663131353834643538626134653263
32646538633735643333663931316339633537646466653539333738633838356162373065316363
64333966343531333637313839626264376433396433383938613931636432333764376138626338
39356537633435636333353032306339363065386334663034313336313037393035653135663837
36646231613166636635326330616464383836653236316165653666303235306432356262363561
39626339656436353561336132646437626265633134613430336431653862326333326433646264
61313636613362623737633933346263343635353736396233396630373637363363306263333738
39323036326365663937303131613261366334623664313662333433353931663234626531303330
31383333383033306366323034363737303535616664333630383033323431353465306563643436
33343238656536626236306637366137656132613937353535636536333465396434373931306630
30616464356435326232656139316162346663336530616631393332313638393533363361366637
34316165646334623839323436656633333036313763333331613037393431313537383832383031
65663363323966666237613639323130663131333361393065306130663865353165366466373238
35353462363564613861373831326562643230363935653233353665333966666534626165326566
30616634643861326430643931396663363736343837333437636435663164353661656139323932
38326564343037346231636139616430363166316163373933356661373731383939346166313462
35343736376166323066336636656637353436383664616132353238323037363762663230356538
38383431636466663733663139376331303539363735656638376238373632616463353331313661
32623538323537653461653332306464396566613635366131633564646136306666306365383934
39626261643637303031653361336335613763303637323331643437323835383664613834383264
32376130343434353233643730396164633332663432333164353438303430396363373936383630
38383033653566313431646661636130326135356361363837363362633436396363396332323137
66656165663463303537633462666561363763663637323161386533643236633561663736666136
63366533393131383163303633336635356464356265316339346233383439646634333031646137
32383762626230646264666663393134636534656537626132333236363430313832653831636631
66356665653138333262363466613038336464646338363235383834366433623234323534303261
66333930303166353933643634306539303161643166336439636363616266376466303932373465
64393338616537616462643236393531653533633164653764623862356135323562613839383466
66383230363938336565396331353963666263636362333164333837636539663837666464376464
39356337376437613361313062663931366530653761383765323865396335633439386130636231
30663537646535336662373432653566366532643965623535386362323137316530626639663139
64323361373233626162646630393333643666313765613932323830393164346661356333636263
62656339623865396165653731346239313033353663393861386530636432633765343535653234
61393164663535393739336333376234393666343163306134373366386233636330356132663334
35316132323666316365313934383836663734323034353536613236626562623733396330373233
38313033383531383233393463306161383435353530356633616239303234316434653535616463
36373631333436353836326536343132643333336566373639626330633632383839653135346135
64633761613238353266666233646434353835376638336233633434653338326263316637306530
64333732663762313838336138386361323932396338353534343765393337353662366339356431
34656663613164303634343335346339666635393732373764386436663964623864346539396338
396430643764303930656562353064363566
