$ANSIBLE_VAULT;1.1;AES256
34643035303461396366306136303135343534653230303365306534663065356562626463653436
6535363761663430333932636233613333643562636233620a633437376563356231663661366139
31346530306637613539376663353065333030376231346531626266336364306162366339646337
3835643533303366660a316637373438633336376138313132393430333338316365313337623266
63353839313733616132623264613531353336353935343230333238613237313034626263643737
35373462626330346634633164306237366438373536356562353935323466633565626366636233
65313663376639636137393136373739656239316465323032663065323966663239343963396261
61646236333439316135326332303731643562346231373664376264626362363238396531396261
38633933363132383538323136643033333239323230323436383563346165636663386131383331
34396134336465303734383633623031326661633830313230313830313732376534313033366333
63303865333837643639343833633564366635643930633763313033646333323565623235626262
64646365313339623538356333373961646535306634626433353466373631333665353134656535
39646366643664326634333963313434613363643935333034623731353438343637393331303164
30633532653330653939343432376564633230336363613935663336353763653561366664616537
31326565626131646230313264303635393937316436656639336430353861316538623861373466
33386462636434373538623133373934366462333163373938633565613532656333383366643635
62313566326661633363373462353264633766626336313362366566393066663662636664386432
61333237666137383366303265363535633438366234303731626438393764333137663334666133
64653232366638326365633765643838643638383964383335336435386362636561383238613135
62316430373439396264333530326432656365366334363334376261353736313564613162373337
38666532383863376665346134336332636230636434343034343730393136366339363436326539
30383332646564346366353136323761313835636163656134616535306538366634346539333237
37366663643139356333323462623639316133396262393731393935343338373638306361373433
32313533623235366237313965376330303938346333323634376136656665353464373135393261
37386262383766343532666530356632656234316466353461313564343066313934366237313266
39626136613062313264643861663332623563303632346530373062383561366363346231313132
30646566303539326135383263306563393236663565323231363639633432323934656138646233
33653232356536643236363735663935306264303637653838643365346564383633313266326661
38303236313532373765326136636662656366663936616639373439643761333332343536333039
39653936613966643433643136323431383562313562333761396631353332323839303133303131
33326138313066623561643332633032303233353761633330343530306666663961653563303531
34393930303230643737383936633338326464656631323633393661616335616363376130666666
61303362653364306664363830303130386464356261633536373139613565643166613233346465
33376266633863666165643464326432663335653366326537663263313561633263303134393431
32356163363038303239303935306531653961623863353934633332643933646465373261643237
31636436646161346535653037616132306164323262353661376462633234313830626262316535
64643439646531393731613162386337303264306135326563396266356562353562316533663563
32363231396262386632346330373362616631633465383733313763336436323263646231623433
33333531323937316663373139306432316238663132336435393638653536623963393631326230
61633237626236663664616262666533643637656566636534663236346634323535663937373834
36343031336437616334306139373964633361356532616538346263363033346537623234376431
66366534663631393136353832633636353132373133656238646434343566376562313863633932
35366336643762616339343564323164646166623431633864666663393261653035316237633033
37343236303138666339343034376335613762303431643736303530373063656437376162663163
33306164336163316631333863333834633039393333373930366634643039383265343633383031
30383331623361356630643961663866613338633462623336653031333932323062363762643535
38623337643066363134643031396635616635363336303162616331646435653330636131343563
34643265656536663736363734623739643365363036653732343036376162323632613230616665
38633931363033646464306662643364386263323830376532323138643864343964303536383839
38633366393666366431333165613062313534343463633766663062333833363732353062346138
61663663636639313938646561376139393131653365373864626138383164396237393532366265
36396666393530653736373530363765376231623435373132383236646439363631333661343439
39663038663538646332663164366263386437373661333736343135626632666331666538646664
63373663343564663032346238333163363433386231666663663562333664636233383830656134
38346131663766386635323233343231313163623666306233323938623831663664623630313965
36386361393762333936336265623332343165356535656135663164656238633965306161363639
33336239613539386330326137396466373534323934336238396432616633613830373037656431
34356337363163343936613538373332616633663964663830356631636238626132383037386136
36333765373031336339386635646165613534383762333734393837353930326564306230623831
63393462393163336362646635373133373861326661313362616136303530633032343561633063
34353737623065613066316162653031646435663630616438656661333564613034626333376563
61623732383134636237656361306232633032353539656561333362626334383664396230646265
66323362346665323563636135623138393936333737356564613862323533656163353635333239
33646263313933313161373462333830346634386364646530623566316334303763326366313835
65336438333365353263396538363664643737346238393133326564356237616538616463663138
65653932306630666161386466393961396130373365333336373433326263306635613931613437
61343561373438663237313239386661343831633533346337653633366161623564303730383965
66633538386364313661653964373832356535616433386332613464303363353936663961313634
35373065346361393366663761353435336639336162386561333161396532376333653661363033
34626436666134626663613964323831333138646433653161653065393664623134313266393138
63366531313263306462393661636166646663643934313938653665336537313630376333303663
34653737613238663962616564663634336663363062343864626533343761336264646265666632
33656133326361623537616538313134373330326636663332323134383163363532356136326230
62323839636332366561633162313261643637313230613963396664366430366162366633626461
65653561643666376232326134333965613231396161363639636133656236386535363939663733
36383834313832333338383764303436363064363932316437373363373465393530663034643136
39663634616339616266316631613634326535653534653030313237633732386232356434326332
35633363626135623330656435323834313061353835303134656439306531663634393738663839
39366232663738613435663864303831636236653434326262383135366436393830366330353832
31313830633837303234383237313938633062356232356131353934376430386339383032623466
63336332333561623065353130306337376237623964313561316365633531613233643432366635
38656635656266613364343232363632303031656236376162336534656631623165383965396563
33653664333863363261306437333935386461663930326238666538316466313336346361396638
36623566666165376434366233656431646363616639633331356431343966643338643566366462
62333062373365323462383262363665386137613539646132356437626436363338346331363262
32643863616431343363353539396331633333336561623830666533356134306232313231373232
31663635393935363864373436353333663532353366353363383263383035363935643030316338
36343634363130323531636639653061633363376664626130383234356435393761316163343037
32613331396266336639663334383530613932663437656637393438376164653935613938636131
38636636663233623139306162386531393239343866373031663966653633313634316533333538
32393361633731323236653164386339346565326434623066323933343137633531613566363065
65663661623232656335353339643762643131616631626633656162373632396534353566313732
33363834363337323934393839613538306161613934363537336238646537663366393263316238
61666164396531656530366434643864633432303364396164623835326436643363623362633335
30623037333566363362316635373637353832303733353666326239303434336365396633396661
63613639303736323034333561323832366134666632343038653030623931323236396562616532
65313437656337383139663031633735613639313834326466326133383035313934383064303132
63636161636135643663323431383861326166323936366637616435356664376433663461316531
61346430343065336634343039383236363137653765633665636465643434366636343639326637
34363164383037303062653562356664646639346330663839303264643064326133653664353230
30643563396137613930326534613632323065633261373636316563343637396632656632653339
61386463323732343339633338373664636633373337366133643238393739393639326461366337
33373235356338346336353235303037386630643736653639386363653739656432643962383030
30373164613034316265316635343232303365346632303630323636363834306337656465343235
64643339656531316234643161303966386538316464303562343337643266333532346663376461
39396666616534313433643839623865633137623838376331626565613466633138343634613438
38646634633561313936326639313564653939306431373633393433333734383039633532663364
33396332343166616534636565333835616432306462313635333663626361303035316265326331
65303831393034633038353063383664653263313166656663356462346161653731623362653261
66323635303563366437656131393737306430663439666239313933333462323539386539356430
65353966323666316632326237376439663963366663653436373233323761663666316430313832
38316463333132343963343938363039333262613864313234626536623162653861666665323631
65356461616337623036353437633834383332623035656464333534386633643436396334383430
35396166636230343565373635396430346539353035663561373530636238303639393632386338
38666161613533613436303634323337663035653361353262653934626261616263663337363838
38323430656437386165383237636438653662343934663132333034663136633937343233313764
61393731313939353536663039336363626238633036656261353261663834333061396331623365
34643666613931336538303633353861356539653165313865323138336334346234383432353431
64346262336561366364333563363363653537326264333537386332626532386261363038656536
65303637363566646464343532303933666465313338323834316431663465363730376437383562
34333530326633323335643261623262353739663533333533383538343931356636303633653261
61653739363464366561333034326362633763323565323636616233366134346137623562616336
61656561663239356165346265303533353932613437343031356665653264343638643331336266
63313239363662623865333464356563386365333166386631326538373961373766383534346665
36643161326265356563376436353066396465303339373137333762386662376564323338363433
32393330343065376636333962316635326330346639376162326363616631623565343232343330
383465643566376630373738613265303033
