$ANSIBLE_VAULT;1.1;AES256
34626133633436656533336636356333666234366335373863316135396637386236336635393464
3564373961386233633763396464643739653764353633330a393033363332656437393330616537
37383266643130343465323737303634363832633036363931353235656139343534303835616162
3435623733363031380a663266343334646439303634356165653434633733393630326438633631
33653634363363616437336165333663323637313035343563373933333563323337323031326666
62616330663561386463653933316437353438336162376138396533313337653130343435396634
36336535653162353338343530393762356666396466623661383562353432656266636362613139
30303162336134623235393362343265613137303561653734626336666133656333623633653837
32656539663037373739363239396463383734363033643362313036353032333939326434316665
32303563396166316136653566313661363736336463353961316362373866353962303238633931
63643962386364306639643864623738313836666563306564356466363562633733396363316463
31333962646364336137656335393039383138646437626430653864333665373863623833356132
64663766656262646338616139666665643466643933333233376665393565656634323965356635
65356431616539653136643538323932663731393666613333613331333265393639396136393032
65323064393362333063613961303235333036303865353464363739626463646139396166626164
34353566303537306662613831616162383036343763613363633937323832623333353161316232
38646163646562363430393838633463633534326236386462646235306332613535636461643432
30306239336263623136636164636365626432633061653733333232393162363334393332653263
35643561323663313337336233393931393034346466663330633433303732346532396335653338
34376662303239343039613161633031386663613232363932653936393132373331383735313531
65356664646564643439653432303737336637626265353330666666613762663339623866366235
62366331363166656637646263636263636535366337373636323535613961393630336434393164
61366562613034373064363131326636653163356634646438313731643930646335313763633833
39646666356162376634376639616637383135653364663032623763303262666166656438346632
62383434636539653666316531333363636332303935643033323363346131666339646164623931
62386162613336633965306639386330353439343932313734646533373062623263386433373435
38313166393635623836333862373534313965313039376639353330366166633034613838326631
36383863666137666439356665646361306661653934666436396162326565313533366366326162
34383538313738336664386134366165353737626330366534326337353066306630336335653336
35386636653637396236633432663137356565383339633333336138313937636431643830333830
39383538313764323466323939333931323532313238646162663330613131306562353130313730
66633937653938613865323734636663666431666232383032633962323931396662613136336464
33326533363933633465343162393633623437653839373533373037613364623434356334316438
61303234356232343332666131386130366262616638373434663830343137346330333937643162
30336334386430666232633962623263656261303236653162653030353064366463613064653731
37363237666334396635633362303330636238373166636137333962356331313139363464646337
32323736363164626538316565353138626636343938313935336336373864333261646434333635
31633263373962356439623838383362356663313362663934303964666338396463353034613634
36336161303631353361616233313630616435346336366231666663613636653231646133376533
61373532386539616464386137653930643462376631623063393138643132633365613963313161
36623030643134623939356535343032336538363134663063316563333966363333663331313664
61366261636431616333336363646261613635653332663865303338306233363939366439623733
64386638663263363332383866613537616666613361363236653530343531353563663531616330
64663162383138626133656161653232623331386465643733313333666439623038383836356638
37656666343736646537633362383965623831356335633930626639386163376230623833643064
37373030613361346239336665353866386266613038366539333932326432656537333233663338
66316530366131323535623164623534616435363665616133383265613634316263663364353436
38643665383265663335343735643666616565643762303562363665613332623865643463373636
36336139356166343561626336653236643234613337353837666531313765646533623261303834
31616165376262663163353236623531313537316565396636386564343265663965326637313935
63343464383563626166303661323264346537303532353330363363363439653666366235353833
31656139383263333439363538326332663133373932303633313261373634653534373061376438
31656233383562336435383461623836616131383732356235656234346461326662656266636139
31353563393135346531616538626131663334316337613135616665366636653135386238376532
32343164633437386264613133636137346539306363333064623564346363383737616534373863
65326633333466666537356332373730333037343561393465316165353133616565316463623636
38363666373739616366636637393439616233393065326137653737323239306431653339363636
33306633333135343766386639616264396130356432363132353037653832356665393435616163
36646530383536353961333431386161343930343338653566356334356464666437346231653437
36376339386664636135366163383463656561633265333131386464623334656139373265326562
61333863343565336436393230376561623034316235336335383865353538343633373463303938
30316630646433313836646537346266393839333466663761666465633439316332313630626334
36306665363766623232623661363163636664646264626165363436333239376363393163313336
63326139383732643633623637333630393230363233336438663939376463363337313233623664
33383531326463326361356662643665333733626666396163636135393638343431663261396336
66366264613263646262366463656131353938613530393361313362616333333733316165346135
62643462623362363961613364636339326435323730333633343166653165376332623932323232
32633239323136613130643732313336343330336435666631303030353164343063393537376531
39376230323531316261326436316662343163653861373838326533366234626236623433373631
36323533623766626130633333656463666663623137653032346537643034303734386263346436
61336565383037666338303231316434366433316563343961336336326436666461396439626562
64383132363563643063623039643434646537356462653961636164643431346236623265343265
34363765303839643761366336613830363063343637353737653235386439656533646430613235
38636664666164363464333366363233373666373461333934393361626161373836643139333430
62373865383738316561336531386437323839336338633131386338333634323135396136343761
31393932646333333839623263656562666365643239396663373138616363613032363736626335
63646161643734356339626461336563633462336165336532613032396130323037336465666537
63356632356264663861333634393938313739613936373237376433656534386633383231646139
64343835393961323031613766636638306136626435656663346537663763363131383633646566
39623439323964613639363332616132383663373135363032343635363262636661353065363032
34333461666266623332366362373766383465356131393030343035346637323561643539336139
63386233656536656131346165643437333935623365393435656132336631623932303433653430
31643430313766633065646663316439393837666331616162373832613536323934333365356633
34306338313231316633616334366134313331623162636331656563363731613532383832386663
36323635373863306165666337666232326237356364303365386234613365333731346664396631
65363636383762373063643532666537316665613436316438643464343462343231333334353535
63383133343366313366646330366166323466376436643537313831383239363137303632613633
64343062353537633962613230346639316239656539323430353036333265386438313362306664
65633039336365396262623633373562343335636466613635663064666637643139366132616263
65353432356162643733386263303762666334313136306666363735666432303865656264383764
61383561666335363934653662343364386334636631343838373530373061326638623638653962
37396637666532363838373864386362646137353833326535333838373633383361343434316262
38393135303538663837323061346438613730316162653230316437303834656362373434383562
62636166323236656631346663356134363730623366326230636232633236316366363931326461
65663163313130323030363766656537353035623765646234346239626335346338373831626237
38343137656234663334326230393964356638666362306663376234626536313265386366326137
33376530326232386364373539653865623431626631303861363935623661336333623634636662
62346439303738666362636236353336316236643832656161623239356564336633343535316166
36653131373463353638303838643533316364666635346237356130333132646134363030633539
64666434376433313361313034313932646334643338333563313538393933666636323161653232
62343965353866376630383335333232363562373737353362333637653439613661623538643961
62306264616338353735633831613730373936323932323464306134616537656664353432323965
65396664633336633930616465393937343738373835646238363739633465343136653636366666
34366266643439323837353665373062623663306638663735393939376262306635303863313536
62643338616233386133653065323932303731366633663130633237326562396431643064666436
33633632613161656330363964393335626334353366636534326435303332306537383163646639
65373837643936646264343063666232336563663830363839353933353234396334613764653636
35393933386461616161386339613733343662336562356532386438356235376234343634616634
36366139633461383761316630373933626231373039396663616233333163373736366236653639
39623462653839386163383662656130383263633662306439633965663737376132633936383361
31383439396230646130306530376535313438316139393738623865643839306465323839323963
30323463643036643932353766653236353630326266623363343433303736663761316164303162
37366631373561653066646666303665353831666161353566363030646164396335613139383130
65303066363831316536313637373138323232616563616333336665353338636332323663623138
64663838323937306539343662313334343066666264353235356665336134316632613238373764
66633132653561353331646137376334636566643138383265633039363261623465373630356635
37346335303532353863656133656130663434646663393537353766306135666534313532363038
61336338643365396230663335346164646130356565313336613066306239643933336537613235
38373063356361346336363339323962386633393139396435363934383933363431323031383433
61366363316164643436376261373931333738366262386563636638636330663636376265653832
33303534396663666239653139643165633363376533616135386463346331393665356637393935
39636639646639326337643234326239613065373162313465393837623939383534616365383365
38356266643431363439663363616261316661323239613962376461666638396265306633643636
66363861303939623464653163373034393430653634306339363036353966376431333433383231
65633366366261363831356265653663643337316264646566333734313137343236326133306162
34306637633537666630616365393162653836313236316366643966643966333331306364353935
343530316638353830623363313636343137
