$ANSIBLE_VAULT;1.1;AES256
37326637356431336530306234313961663262386461633665323535386133316138636331373461
3162623831343664343031326133616633333462373630630a636636306633376636383339633036
62616363333436373764616436356537333365333030666437303366613631363135666564623235
3066613966663239340a623235333938633633353933333739613036666230353265376134633563
38373466373532376562303936383661646135333431343063636333316337343132633035616463
30303866393338356232326166306561613831333935636232623532323733373633323437386238
35393733336565373032663732626465616433323766646639393038333331396465616564616638
36343439366638666631383439646138393337336331646562653938663264396531646538343437
64333538616231363030613466366135663634393630363266353231393131393738373733313964
33356439366366613630633932363039323363383933363563363661653839666164663434393736
30333262623633343861646136623836363565383632333034326130366136323262313363643531
63313235333432653565643665656234376333356437663133643337376266623331373963386465
30386531386631366562616164653933633135316238316439366334383132356261383134653236
31343734326633373438653132646336326434363962386264323438623537363033396235353665
35313061326232623933643930613532386639343831656238626235353434623964646463623730
62373937623834633235633239663563636566383231643166393930353231656566653563363532
36373562633630303739353536643766323239313965653730646331663736666361313630323837
30303635333763366165373361643563303333393738303261613866373230363639346362643061
32366436336433303331383465303331613831353166623737323334313035393632333361656565
30376633353361616633366561376633613439363934303037343731666234656465383765316435
63643839386366396538366639323237616466616530663766313862326564656339326137373835
31633663316437616136303563373237623332313861633835636330376364653834363264333135
33653466633235393331356563623030376530656637646466656131363939316337643037333138
36666463396436313933656462316566306136373739666163363838383134306163376533646163
33343337386634623763303463653263386533303462663061623662393062626534636235326366
62663439613561373365656638393064653261663031353534323266663164306431616434636237
66323364646533316335386335613864353032326437663938323335646134623064313138626564
66306539646133623434343137623437363765613339613261633333343737323432316339653730
35373432626131643133666532653364616361646336393362323165666637643762323062616464
31636532373230303635306238386163616238343335346665376162646164646466383839326466
35333866646661366334383963633833363834643639643736363933353135346538366164353437
64376630383637386138303632666435333338393765393365313963616565373463376339393139
63333664306634313364386437343235653363386361356539326131656433633434353638383736
61663030343335633430383134623561663861393262643866396266306637376130323933613265
65366531636662383636363065666566656433636532353830356130303762616330353639323138
64366337613334353166363662323864323630373039613239613837306439396639373435386130
36363463343436323832633135313230353836356230396335373061663336613938383133643331
63356161383636303361643535373633663036373431363735646662356433316162346139626230
37343339353034613435356637383637626335656266343933393063326263646435336539303361
62623437373464333432323861356539643265376463643835613335623134643961333636306364
39333038346466336134346132613531623163373962623963663964303639623830396565656235
61653365373235613238643661363865646262363561616462623337353731373862623434623737
66376330636462656564373837363561656631353062616465303036656363333935613461393833
63326334373165623836363463333338363561316537323733323930626632363231333761363231
31623161363133663462333861326133366330653635376436323733363462316238336330343037
33383666616262626435376430633036633837633562313432396338353963623063643234623537
66666431306234613663383865313439646133643530643331646338333238623063643838666165
38616138323962396561663933363862303135356562343664393035313932376338663762633632
35663563616135643663613135666437613337343836626164343961666630653234343561386432
66623065343735316633646433353132666438303630366234623830643732343163626130363061
38616530376135306339313435326161633330613838666336323665616362396636636330323064
62303566306235656137373363366662633338613435646635616262343563343439656538346231
38363765353962626235313461323739663631613833386533326236353562666537383738323737
30323734373030353333366162393436353665323734356461663565323064623663666233386333
62343333333934623261623161316234383732613962326138313532656166346339386163653566
61353366663136646430653333333035636364636536626233303161623562643863393534636133
33323862346133346464316630303233663763616436343433623131633039653434646234343536
62396431626465373036373163333461633134376664303133383530396530626138376362626665
66613430643737383265306633393438363437656230653637663037393930623361323566343139
62623037326361343564663031333365626666663739383436613361323536326161323562626437
65323838313030353336303765376537313233363061356338656430316166656634333162666337
37373535666665336365653732333531396434393333656435613234313730666333646537316661
38623233663963376666376338623664373938313964393363316135633965393435346335626136
39376333366530663062303966653632623337323961346132303361356462333035316631343865
38643734353538626264333966313661366564326334643664386331303735313932333836386134
36646531636534333634663766356464346331303131643433616231613864616263396135333233
62373565386432616636353463643935386263346538336136333661613337666137333666346166
62333930366334363931386534346337353636636361656161343637343632373935633863646538
65343235383734346331346164333038613935343336636438616565633236353462313638613833
39636339663636616538333465633762326463316233353535323735386332363166663334623461
35373265336363396232323966643962663563323365623334373363613831366438313965353963
36353333316562376338643037663638653731343464346233363733343434653562333566666232
31333434353735666238306230356430376162303632303934393439633437663734303033396132
37613530666137343730343266326331323739643766306435636234383436323436313831346232
37663532626434303636653663363839623363396531663135623663363534393261386238316537
64353135663564316562623438666666643561336535313335613865353035643631393461663438
62643862646162376232613834356230316566343238663564613564633537616165643563616263
36623236303663346430393761653134393938396533333636616664613265383462303135616463
33393664333031386431613832303663343834353761366262333866613065623963393533636239
65306330353837303766336637383039626639633139353066356231656138623039323232386363
64656639663965316537386664343536396638326338613461383262366237363235663937336564
37366335333730376662613061633535383864313030303732346230313466666164316535353730
61373063376665326231346262646461393864393963663931333263366563353630663337383830
33613865653236366664636365356131636636316336373566623161383333646437323632366265
36333233303733396263373034363965646439346632393161643832306263653935323339333562
61353931383237646436643839643263623631303335626139336235656238366236396434386461
31623765343738633063303335316439373734393033663134656337363835393533336335303338
65366637323263623931653631613931306333323765383363383365366265316563306666623635
32303232383861383839623433303634613537393535393239383631656264343033643632396264
36343137313236373263663034366637623532386431613136646638636630613634386331393531
63633663643861323238356265376231383236643733653632623937303263633837373363333666
33396563636236633030373265396334366664663361653366323934353561303532313935323630
33613936623139376434313564633462313730356532356238393532393739376336393138386238
36663534323263613563316634633165343763656661643934663530363535333135346433323632
32383663323730353765663035316139333063336135636139376435383730383231303662616364
39373031663361316433353039313436643338623035656465306339613963306235663835633565
66643239353664343638353535633239373030313937626332643838333065323062623031316263
38376464313139616237656336363461646431316537356566363934623431643636363133343731
62386139333066303964653462323838653634666233396333306537376636663337336638623862
37646138396433333338623536633638313964326164613937383036303439656634353162666331
38646665383734343433333264613337313431333337663034353962633662646364653434333462
66646266353434346539346334393338393066313662356430663662353263383338663636616531
62303164656139663435373436666638333330653131303036643035643662363565313931366563
38393564333335653731666162346537303862613365383634353363303661623336333532353862
34663863393263383264613432343036613365326362396630656664323332346162303062343633
66636661346464393738623539653064613439313861643739383931393632613839356134313437
64386631396337396261366631333961383138643764313331636562383066353339343631656538
31633161383364616465643131376139313137656162386562623030626366666432303661303061
35366235323464383732386336343166373562326465646236666230633334636331393431383966
64323639353132373435366464383663636365333735353230323036626233353666313830663730
63646563653135363837636237366563306433663264643932323839363162333061306434613263
63653933336133386439386633323937636562646337343537623164353833643264323962326231
61356436363033356365313131336537623835393133326635666365356463616533316263656661
38326264646436373830366163633732626165633662396437653561373362613134643036616666
35333963303831356334633938616531623032316261306266366162316437306165366530346163
37303034343562393936363065626462323962346465616361346437333264303131316134336632
65353739313566303362623631616632373437323765376636356266623330363139306362666662
66623066613836656662656165383366616561366263376136653732313232616331376637343235
66663066336534613533626239616237653762626239306431373136393139353465623435623838
35663562623735623761333739636366386337333839386364613030346531623861356664333465
61626564623862666566613566333864363739663861323838303733626330666139653236626362
66653164303063653537376437353834393633626638626131613734396434663331343131616637
65333061303866323635303164663330303665613163363738383631333762643963343639633337
38306135306263316462396361376265333361346636393561346165343135353632326563663534
64353531396361653632383239383331306239346537373931313630633734373565363066306534
33316362383164323866613239623135333138666664323737343735363161366432666333353535
373166613137616238346662363065623963
