$ANSIBLE_VAULT;1.1;AES256
38383265616230386437303637346533636661363633363062663063373361616130653530333636
6336663931613331343037373661623434336336396431330a383338616333333033623034343339
32653430333263323332313561333834316134333535656231306535646662306433656165306536
3032633364356335310a616139313936356166656566393366636663376233376466623738353332
64313033303865653166306565346563383266386631333932386535353365316531633363333635
30626264346436646362653031386263633965386530333834636230323837393537396531643136
38363966666665363466663534656538383966613734306661623934306432366135633064306537
30653138373434366339393237336664346266376338306632303965626230383133336263613238
64343566313065303763653938383561366137346365393933623735636336343466656530626435
61633764306362313737666530356266643237326331643865633536383063633830653232363532
65666531393132663364613265346631623666636237616639653166643236633264386363376333
35366666623134653330353732633435383261626236663234366438306330356231656134396634
66336131396337333238386263656264303432373935636630333563313961633861303739346463
33306436386534373665343530343138396264346434656436666231666333356130653735616363
31313335303935303831366638656337663262646532656633633637303630666130386633306134
32326632343939383239653061306531636235663465373030363162646165363536323830343531
62366266653063383066343464636561373531383366313039376532333333646637663366653261
34363636366238303864336633336331633162333130343565373234313935373030363937373465
62343632333034316362326438633263393634636563353338313262616132313031653662613566
63613430646464363833356466653834333636366166396337313639303062396566313433333131
64336138396430366165323230633961373464343662333136306563643264303539313663363030
38653634306366633130306434326634383430353363306539386139646634323937656166386430
61633465663362626137366335323139616365383261353735313238626361336530386564316132
65373265356262613336353634313134383661363365356531656232386330343330386562316663
65356538363930326337306232643138623634633830303266633034636631633330333831373137
38363936666662356164353730626365643466343565636435323964383061313832396232363035
38373935363338303336663338326465643636346265363238346134633035636234393339313136
31616165373537386664633238396239643463326432633732663031343031636439356335653633
64303735373966613965363761326236303264333562323438306134663564613861346431386365
65306535303635336531336138636164373265663134643938343762326461663262616130633635
35313232663635393765376266643231386463663362356533346231333133653838623239393330
62636130323139306637303632383331663265383337383436373432343933613264653662383831
64386437646136333939313463326165346563323338366164666365306531666163616637623539
66393636383763396663353739353831316332386431393062626135303162623036643562663963
35333032376561353064613764366463343661666530323463333563326536343436353130343064
39316364633464623835363236383631643165643335383338396634316462336234323234613136
30373263316234633963623437643031613030343166373664356437373962633733373439323565
61343863626539336138626364313037623430613834373033396138383531313465333335373235
36613436303865663963393938303266626261643364316464353562326666653834626630613133
37663766613433656234306162636263616363623436653866323230353565303030333034663038
65333863653537623038333862333464623831616565663134393637613763306430313333356233
39666433333535636163366364333661313536663165343438623232623437656534316334626330
35356534313232373734663739303538333439336330343736393037663139663639353039636538
31613765376165646135383531383231633534316433333664386661653761303165343431376364
64323732643039383635363632383132396634356630313935323161316361303834633738623436
39343438663330396262313164333466386336663236666131613336383935636136633762303065
62343438323562663733353064386133383661653638373366646236313134636438313436303034
62366639326461366336303962386436653663383734343133373332343566663733636333333263
63623234333465363536373632613766663333313933313565306663336432313337303134666233
61663365306233373139386130363566396635633132383737313636376363616534663862393762
34366234346332666333643534616435313663393239323462386466336234653633633032636263
66396531333137373861306238626135663962303933323262653730383433616562633232616466
65363731653232316265313737643633646662383632373634333336316262656238346165316231
33353635633235616336326136393264393337383536636664393139623931326130326661326365
39623765383336336563633333633266666139316161306634393430613465316636386661656232
65383635313933386666313262666533653737303230613430346233633138353034616439393437
36633139653035343337363863323862303131663138346366386265366531376664313430373865
35633465346238316266626266373737636232336563653534643565303463626162663363633039
33636638663364306565633032663738373266383463373736636532386639323532333533666337
31393636393836646538326337663039393735646463366133623164386562373038633138663731
31656463323137643732363864356262366566306562663534323239623662373532396133333339
36313934666635336133366139353138336163326334646564306565363731366566656265353835
36313132353835353631616633303239336161383031613666353862336132646334323934633062
38363761663532623061366636303262373134396664303063363236323061626461616131393739
63343166376631643361383538353866623239613533383438373062323131663935313464323463
39323037636261366636663831316135303666303266373561386536356264303034663930333233
32373065636662373230663862316362616432333963633564643336633733353464666435626430
39313863646531393536326635393836376661376435633135623362303633643563653437343735
37323630353434616436326662363566333834313662373765613431363832373535656232376139
62373139616437356337643661616135383161373538623132306464333862633435393361356266
62396438613462626632666438643534383566386462343561336130373133663263383861343763
62353336643331346630393234646334666263373731383433323662393363646238626662333136
30353664323534306331663163363834303234323862376132323835663535663135323964316637
33363661316462346364303638366265386337626130303765383938363635386162383839653465
36303935333531373734356134336635363065623963303535313433333564353235643639313566
37366539623935306363323161353435666264346232613534666631346434333761333939343135
64363632303335396537316466353637343035303033333466373337386336656531393737326261
34393532643261343263373232363533633730666532623636646130336665376330626362383534
34323837396136613264373465653935373636646634303166663133383238613362346137653539
37343132653965653666623565303434636630323462663631343135366538353736346261333962
36393536656237323431316239343033653439656365316661626364346633623736323033376535
64313361333931616133323339613265666532303566623731323232613463363635316138636533
66383563336436303762366266353439393565616635646230336530353665393537343639356331
35366561313632623862633462313937656236363165373738326531373639396539653762383234
34613131393363323266343838353662393864643937663363663463643838653436363637393532
62666563623038636333323133393132333133323961333763663236363239633534626236656666
39386435303763613663356166663133333339373632666266316662633739313464393866313334
39656134366666373635616330363634373037666130333937316364656231303433613338613261
65636362663930353337623136386430386466656263666435666139346532633161396462623035
62343936623535326635383839613639313232303734656430303531333039656334343262643235
62396334623738383633383035353162316238616137666663313636316231646161366562343735
30326235356635303430636539613231363637396137306662333134633365626663626335383534
30373032303934363266363730663562326233636332316430346366373131646466306164663732
32613939353535343035633961663639333832353630393134323535393061336631343835306364
34643664303966623063386537636430326664666133366438323839616530653034626162643733
32653832616466623734666132323964666361653663336663356165356635313262316537643066
38613566323432386265323865653135326136643865393539346531323661336566303735633536
39336234343239323035626661333833313132313963343637346130633737653237336434313732
64323934613864663035303734323637326232343661356137636135383465353935353666306539
33666262333464656136356638386130653833626137643865303336663236313630303139666436
38376464396531343362353738396231393132313064336662396431653062383933373136623838
34336365383830393363383234323130643631306132396366663039363438356539303634666533
37353961623335313736353031333435663238653762666365633734656635633036316564343464
36643362663137373762323062643236366334333133653162633363626661656366643761376361
39353030393138326430633131626432396438663432376338313764633638346336623361653130
32386630376261353763336334303634353663373365333839316361363731623035303166613537
31636666333134626532383964633837393034386433346533313735653337396637613364366439
39383532643437633161643765663335636136383838666130646161626435613963336332383036
65666630666634646362323431366136623763666134326661343938323037613364383236323563
39336364323539316365613238326432336538393930353863623032326236326362643632353837
30643663653861653239366537313134396337383962353065303463326566336534383635376265
37306233616231356632626134643634626234323939616361386164383831633638666633616461
33346131306433323564383337373263303564303830343365323330643839316332303333393362
38636635343238306166623633303235383630336562376161616533383334313961656132613431
36366535336162316261316134633734623134323936643235333962393366633664313830383437
31353737613665623863393936386265396536333431306464623737373338633837326532346638
37646633646138616230336362363035333863303136613765343034616263633130326134303239
65393237303631393838643962393230376631306136316333306132313861343839633238646563
66383930383262393839613561626366623935386361663931303632386330393130386131656533
63376231333938383864353333376332303530323066353363376331313335653331653464613433
32633239346462623930663365313933653733353734336166343137623137663237626131396632
66663939343738633336643832303231386563653866633236326234336437323835336661323735
38656466383832323462633566393461366163663362396139376162363461663766643839363533
38306634353936363030343961633737373532386436653639366238616337383534613036386165
31323761613765636366616361633031363637626138386261306133343766306136633462623438
66346333643966386139343131303837363333653263326562636537366264326364663763646565
643436393135326336353162316430363136
