$ANSIBLE_VAULT;1.1;AES256
34316561623039616634323335613634336637396266383163643332373161303835356163373063
6639383262386163626530393831336336643164353962330a323761326132333330386265623739
34356331336231663862616131623162336439626264656533613930626661313936303432633865
6265376163633762360a383163346430666536653038356533376266646234663234336235313931
39373237373035363235663461343536313964306334613063383638646533633062666365396431
62363736343265353233613963646639666462303135393463306137666234353866353334393265
62373635616364396561343732396232626163366536343334383632663465653535353134623466
36306364363631396539396130376631376638323465336139396164643962663937353463383833
64643265613236353863643730386265643434663434303765616263356132663233383031666339
64633735623432393266376335393863636564303764343632333564376565323664663532623437
61656565663234643134636432643636306537376564336232393938383331333737346234333266
30373532656234626235376336393962396530396534663966616161346465376462336333656334
31326264393630373438306231633737353432663339633337326534646536646262343464623161
36366662663238303430313366323233303863333664633630643732383539623266623738393963
35353561643763613662643838383933663632343538653130336435343061366161653835376464
66333166646333626463646631333434663637363332613736316563663731306565346262336565
32353361646461353434663562613533343466383363346334353637346138373036353366323332
33333265653661333065643461303234343263393265386261326235363566316662356664613533
62303438633664653233623762363066613932346635666439626635326362373966303363626234
61666535323230643832636336306131653534656464363135393035613066636563616233616562
38346335306166316261303635363837383462346231353239393565623432336330393733313864
64326266323563643334373265386435616138303565303439346438383436396530363930326138
36353738653864646666373766396633366539313561306165363166313130633663333231356538
63346639373636623436346238633462373661363733623831643235363034626634343738346632
31646363343933363936333037303833666639343830373465393963376464663161633531386535
32373934633934316461316461646535613730393132646637303339613438366339313339306239
37333863386133656663663236336463306431353365656366363037626465373363396333393937
34386130313430616463303634346331306130396633613931613265356532326531616436386261
61633665643038316361343932623337666339316534303438666663346134313935393436386137
31663166646166386531326565383363343365316133333831653063643434333139343837313932
34313135326438353734653938633331336338366664623164653337363237643631323461366536
63393337633764333737343835653261326363383332313839353233626636313763616432343538
30393965333032376463353566663230383036363265383233353562316530363166303966323538
30306436613739323438373938306132356664643365326638656166653838353766656631316266
65376434616134313463333132623430323036643431613862393830306432363930623438623937
61356431666536323134613737623436363133656534656139666462303232663236363262306334
35356334366333306363373832666139396262656338653033666664363332393338373730633334
66373336343566326561326564303366623131376639353932326134383330333337373131363162
30386136363063393131663437653663323965656237633635396638303166383338306336356165
37386666333236376637313665396333363336303362623935306639333363326431636161353438
34373139643330613433313937333132636662643933656665393261303137366166333538386634
33643538643531653039653562393732373730366235306630313534356137613165666530653231
37393432656265626438356535646631393766393662393334303432653438353037313263303839
30663565663334333633323232323039346364356137363865306361386162386366633136656437
39303233666463303537323735386264363963356632623633386638366335353265626565616239
30633933386263303333366331323633653663316262326232373232333965663838386230663232
63616263623935363831633936363439663731376631353663616636336661353764396432643666
65333834306361613930636363626365393031353330373239376534323232386331636238353162
65313539666462353431333731356462643934653062633138343762386232333133613865666462
37383561343937636661343762316663343035333432313539313736353238663937353062363862
33626635616461636530623363633538343434653863326463386139313865303864356231303765
66333537323332353536666163306330356630303232373430343639363639646236646139343065
65343737623536646133353130333466393731373136626661386565323365656538643237633631
61643761373735343539323864663866343165386338623962623838353733653436643038366333
30393539363537336430393165363462646363323437613037653935376137326133363034613930
66626164363965383633616139303336376532343465626663363731613266653939393139313339
36616533306330653733613433333235383035306637653130313232343466343661393535386130
35396439636534353338333163363162316331313437636631613131353364343033646639366232
65393966663266386632633165653738373863646637376237373861393133393437393437346230
36343662646565633632663737633932393264643338396232623663316332623965613537306138
66376138343432396333663431323166313337343638646533393363646263343363653934646264
64323134646666333865666334623536356138323538353564386261643261646461366636313635
30396262383837353061333931353638326234343565393766616664326230363762396239663335
66353864666639623431313864626632656330363662636437373565393331623065313137306264
36316465323236326366316235613062323039343866633164666632343531356665333337623232
35346131376661343838616264643566343232653731323938393563316135353231633664383734
37303263373631336336663465306239323136616238666266373436343063333865313661643237
33333030343539363634313966616632383966623732343061336266633637643036383333303365
63613538303430666433613133323363386435363630323564616638363865613762663031306666
66663261653435353263643066653161353262396533393130303034633865396565393135383636
61323264313564313534356338313639633566613335653138666465633865363233396134653234
66363630316237376362656662643032643031363735313461313933623031383731336464343736
38643935386336636363303164666433626134656563363564363639336633623161616261653061
35633833626237353632343430396365653334393064653532313565623466353461363262643463
61643036616661643830653965666437343761623962633932616363363637366634333265326531
38386261383265346630616632616263656266353031616564653863326434626161656533396666
34393631613664333934393632656338626130323961363363343161623333646531396434616364
64363762633736663233663337633435326236656235616637636166653161336338616634643264
30623834636337326562383065306331313765376538633234333866616539336266633630623663
39376363303533366464373731626332613465623861353937613463313964373862386334346433
34626134613331643436326163666633663364366565653161373437356664313863616232643064
66343833346662633161316438633139346235366435323333333864393062616237336237616237
34343035613365313737613564353161366533666538336339323363386138336165366564616532
39636665393738636635636536326534316434313262393633373734393161313566386339616631
34373261303030393364366633393963333933326336393631356266653939643933653966353037
36393536663339616263333339373366376535613965373330636439313162333832303165323733
36646339393334313638393361326164323131393063636339306235323734666530613238376530
62313731643531643566316438306162386563303533613239343038373233396435653532646266
30623764613736313766346661613666373433323931313738356561396265613962626463383032
62353561646635373765663966663232383031376136336135363663373165396334623762366461
64343966616165663762393863323834653362326465653431373962653634633438656462623236
63346332643538366164666636376132303863616265326163616537336562376661303161383761
66333737633265303865656564623132353736356263633061383161313230323436386538333065
30376166346266643735353661396134663732616434633563396234626230653763356636316430
63383237346162373863366439303336393833393164303663336563663032326539363163393238
37633636366138306366633838333361613161646363366261616531643132356137326633653933
65616435643061366232353435383666663163613065333763626264383233396232373136373862
36346139623439376438363861366434323938356336333532323931353065396361353434623765
30363636383536643134363237393434333238376630663830313833363062386334306365316532
35623532633232313037313964346539663235323837653937646632343161633435656461663064
66616537383338366333353866323733393032353331306636303437366439633133373333323263
30636265343366636664326538646465306463363065633739393036363861613263336463653139
31613737313237326666313864666266393463323563663232343536333965336665653237336161
32616232393163386437616461633334346431316330356530623039663130636537353239313731
63656132616330646630373835396666306337353262393531613932383862386631306630326263
64323461333831663534313064353933623062313835363630663933306564333533383230653535
36643061363862353663346562343737636639333464303261383531646430333136363566643264
35303933383162396633353938353039643930623937663466303563666535343130323765343266
31303163626233663430666363386437626533373764326266356631663030333633613463366336
61636534383365353864313434643363343461653431313861643232656261386332393432383766
63616138613063356638346664343333326531306662383230393863313836633934303038393931
62306663643736636631623238353533396561623630636137313732633561303764363536623138
38393436626339313233343831373163316664306139623866343364623234353433613238333161
63353132633134356265666463323037613861613831363930353034393832366334383435313162
63313365353637336133313866313238663136396235666639313361636465396662623662616266
36343762393331666265666533616265333839373263333038636239396633633564333435633132
30643661663662393663663563633733653965653363623464653639396135336336353135326662
64653539376263653633633564346465653866633863633761383165333963366566663062616666
62326264386563643865636463313138333163393234386434656465666161376161373261336536
31396331313135626466376333643162343465646334316133336137316535336561313432626562
61306234653862306134346666653031623630626535346336663536333634646463613965333737
64333935316634323135623230663963636262633235316163313339383437316333316461396661
31623034346635383739666538356664643831623631346561303734383263316531333531613564
38336664393764373437303339623665363337353664646366306334333464636665316661643565
35666631633835303133613765373833373130326635346633366132663730656565653831666130
32663535343337316365663363303366306230636230393865356362346239633362623964623730
353731353230306538636563616536373832
