$ANSIBLE_VAULT;1.1;AES256
38623962323162346666343163303966363461366165656434333130366431613538343037366361
3539636533343734343266646431303565626533306433640a663735353236623032343136383665
66306236363632663537383738393230653636313534636466623430656536633336393835333731
3565643363333565360a346633626232633361373563333039633961326265386135376236386631
63383037303535333537393930333438633931626437346461393638663930666334633732353931
35386561383036626337366435626330376432306431653662313832386331643839623034343039
35623939303965363765326538366430363939326133383261363539396538666161626461336166
62663638383366383133653365616163313363636136623463303662353636363232386632613963
64383830643262393664376533303436643439636437346633626438336239636364636532353932
38666566326139663562623065623566373139323361646636666232336362303764383639653133
30383164633630636631373139643866376130653364366138306639343836316232383933356533
32323236653639633032383530316536666433393138323865373638366262653638336135353639
34336263343462393566616465616133616565353330626565396539643862346534643330656139
32323164653738663137363934373835393763653765383833336362313432326130333139346161
32383531396635396636646236356334353732313330343465306263646331363231623834386262
38373133646362633664303862373761366238336662353439373662666437383836366139636464
33643063663031333337643862366566633334356436333235633932663564323032333861346239
63353035643439363461366334336466363833383932373036346436343561633962613664633766
66333538353631663962306234383132323964623061306166613963313330343465636263396135
38633834633661303437366362653438666265633063353932333863616331363862636663376238
33623964636161396131306337396435383731363533336338393637353439613235373136643061
61383464313934646639663461343536633633616262666236366135643631646164653534646163
36343131346666616561663532376462633064613831353531613531343935663930633464396339
32373832343666393739613462663266373532623030656162333266376462333161613861643464
61666434626139316336633364616433346663646262383936643732383232636435653037373733
35343332646538313035383533343530346666393233316231633031633463393133336533343236
66393030383439323130306433616137613038373838626133623435333865353638653832623362
66323335643066363234303539336632386237386436316165663932393936306532313234323561
30383061303932383833663131653465653139343064323232316139666438346461336331663735
39373331306263636238353330353866313032376431373663353835626464353135616235346364
64663930393736343631373633633830333939393236646139633839646565306239643937613361
36306533666636643333386231643131323135663937616132346535306631633463663330336139
64323464346463303336323831333635383564326233376634393033626237656636636565653232
34313130396131343633383266333462613534323534336439383061383464373135396230343866
34393934653364643330633061643664343631323130353262336137373436353137633038386236
37383864633765306664343735393262616439303736363739333535623065646265393166623337
63303734636134613431613238623530343165393163363562383032633935363539623830333139
39643662396631353439316366376364353637303564303039323833343661373533626138333564
38356334316330623861643737653765393939613430663338633931666662316538633563373933
66323432633939313734663961393333316132663332626532646537613431373935663264353233
35373461313430343035363935333266346663653733663433393165646330363931303665343066
63666335646538366664353436666638386566353631363333343764336563386134663264386633
32346239316239326362626638356333356530663631366432303732663232333961353066363964
33396130663861663765656365633762653133616562643531353663623762373732303866386237
62393132616161343439643665623038346466613665336362366633646431663564373536386364
62653065646663366664333431343432343232626333346162663965663863333336646231353236
34376239316430626532653836666134613833393730663163353838323532613861363662633163
36356138376636636133636336333936633864316231376132663631373964313262356130386236
63393762316135333064336163626566306266356232613231373335633034386130666537613734
65313330633131336139333537636434626266366139306263646166646136356466323137343361
62343565356665336262303134363438623838623739616534383663306638383765633835316239
32366431363539376236393132313335653364393563323264373865383261313566323961326433
33396234333533353831663766616563353266323563623832323862646263383834326634383933
31646338643735643565383538653161366533643538623639343136663062623761366461376563
65393131393163323865353738626533623838366161666634646237383131383061643865333064
32623035333937663561333761366435653764336564636261393432316533376138353038363330
37303234306338666263346465633335303262633832303837643866306563666433353764356166
39626365663739653062663332393235653434663538663030316636333066623931363837653035
37376362626537313962326536643361663731653864613364393135363135663736303366366139
31613735326666376663353234313034303439336465336334383466303435653434396631373031
34616666346231313138366562663332376266646139636663663138623634636662306539663839
34306334373936656231643964663333616534663330363233343861656661336337333537343261
64386239333161363939303930396163313735326239353133646331386365316235353061353734
38336466666439326565333162663162356636353662393833383163323439373638636537643463
37376663366262666338313937643234613763633236613065306639356436326539666661353864
65336230353836623238313438653062643336356662356333353062363534666163306165343937
64353831396662316464633865376464663964666164376262303939373564663034373566356137
30396661643331386331333637306338363463336633356334396436373638616134653736316465
62663666383064366639633962343665363738363738363633376166626361666332376334626663
34666239383437373838353232323332393431316638663233396631333563356566386536616335
61313732643338363130316133393730303162373136396438646531353437323135323664613131
30373631353530613937303631366563313635383835363065653037653463656637313766633063
37333664343439356437343764633731393064373566333666313038306435353364643935623532
64363734626332663439666263646136323734643365363466626435363532363963666463643364
65613439333437323835303935653935646530313639373734656462633765623561396332653639
62656662366634396533643639316163666463383464636161343662383435636466376363343462
38666335376266636435366165356339343239353361366132623864643739636138313561343765
30393964633230306364346633376537666131656638383363313439613262323839383030393938
64663339653461663038396632306237396135306538383636616436323061316365303261356364
63646139356661616537396532636337646130313934363830303365363164616235313536376232
36623039363132663762326338373339306333366637303766633738366238633066343861663733
66656331376161383036613835306466393637336339356131643930663361353931336137363230
65643934336436393131303135313533363830386439613135646130343933373162353964646538
65323036613666356561373635386237336165656362666337333630353739356431383965623066
36363133333237636562666362376330366339383538616333373831643466366630343832343430
39323834316661343130663662343261343430666330643330643962646134356137353839636233
65626635626436313362306466623034386138626637313438343565376262346234373633383763
35373362613435623463343136663965663161343835346337393031393134663836383137366362
38313665353633643766303538663930313532616364643061323466383463333131333263386537
65356161383838636361383432343135633136333432393062336434353530346439393963363435
36633232333931636532623736383062646134326437663334366165343435613435383732336232
30306238333063386631316131333030633039613765333630363164643733353662306235663432
39663464343732356138303235643366393435313538346134363138386638363436646164366439
36343233343137353934623165366666373733633131636435363364333638653231386563613833
63313834376630643864613164343837616133356434393633393937306331306164636563326561
66303236636163636335323630636564343162616230616261383165633261363339663732653162
31396366653737656130303439636664353932623334336464653361386161623932316139346533
39383361306235643661373063373866376661653836643730326362336531316561666433616565
35623661373236623739373666393137373036396437313064333134633762393166623032363836
35613235653236653462393662326462633165613933636330333464323664353661306235356630
63313461356665623662343637326364646235643236363332376136313132343531653066613533
37663734333535663265643964643434666136363539653563663564326632383234616539303932
38396131333863653865653931653266643362656137613137646631393434626636633564363233
35396335636331613739336438396536376365333434356631333762663339393932353464616464
30306236643561643132383336636234333766333535363464323639303462393761373932336630
32393663633062646633633534396662613766306333616661346566313036316531346338653764
35386534386437663433376637653633653465613732383966316233373265616161333730623838
62356566613065376161623933323433633762353863623964633536316664396264303264643034
33613330376262363132386131613039393766656234343638363239656638343164323232316237
63663837643161313264326664356435393431626366663035303130663563333438383630323139
34336338663936633934326332313764343262343932633464313666663266373339363761356165
33333437653564343866343039353937623438363531393065373335613763366466616538613363
65316333373162303438633936336266393862646366343431663931623439353865663764653039
61336332613639333761613261613965623361303263616135333837633632383566346566666164
39326162663236626466653062306139323064326439333231633936613562646336376138636361
31333338333333643631363134663965616662626664663735653162333866326532616631333863
62306134326636363035376563343566653831313338636665336639646131363430653733656265
36613838333832393766386532373661333162616636386561303762623430396566316363393531
30363532656665666538663930333931636639303466366464383036363763373765356633336336
35626239383437636335653763613633386636666338646433346564336633303063623032366532
63386134333036313464386238633430373031313062356634306236313537343862393735323765
31393232346361313536613833323063653933303063386662653239636363376137633137316639
63366331613639653936613866313661653839303831343530666136393438646239303338306164
64623238366234316366633264303931386538336337303931663163633431623631393538616333
38646533346638373866393830346535653330353031663139353566643662666630336636386462
61313063663833373434623039666635616430303432326363616433623063633533316465353466
313936306430663739303566363864336230
