$ANSIBLE_VAULT;1.1;AES256
33336436353838666666636436643362336336326163626163326532306137643361303238306265
3334356561333962633734373231303538396138343435370a623865393034633639333037663265
62636333323761356261623765343134376461636231666364643435323432386133656331396364
3536353631303964660a366434376437653864366136636565623936326365663833386239356433
65376662356361636465373463346364346335393439633338333139313334353262383532323739
61376663363230313330613165613434643265326238393239326261376139353831386131303136
61393666613662336366616263653331353563656164626631633965326133333265626261613563
35336261623233323236656565393666323030646133626531373665646561363738396332356263
38626536656639623666393830373535326531623535666533363064653736346536666263356333
63353537646535353463656135616464323231313936333233316333376466326334383662666335
66613936373530373065613934333762333534306134616538326463636434393466376461393332
34313738396466303462643836316334656431316163343462663034616531343262346466363966
32353764326563393234626562626332633839306466356232363834346338303866616663643061
30636131616130326562393138346363633337373363393839343533643836613934383834613631
66373930656163613138343137306164613864306562656139333164373663333662313434393431
35353638626435333966363466313665363033373433336432646363343139613966396135633435
35623465333865393431353330373533623130323936653432366661313537643936373036643437
38366565613436343364376164353536323462663532303635323663383032386635343131376537
66653339333333653636343030646231343664333837396465666535333839366534366365653639
30363030383764393139316437333037643163383333363663386562656464656138386132623635
33353130343566306463376232663639326537336237643539333365396231373965383761623736
35386534356635396639663633326261613131373337376533656534643231306131383461633530
36636637393864306331643464636261313735623533343761303563356366376131366336656561
64633035326263366436653533393437623832373931653361323263326465643161333930383536
31343338353931343136653534333030663533343332636438366364326136356438643538303166
64333362393435343736653231663134396134636539343161623864666132623830326266323838
37376331663234663366336134643639326633303662313136653734363666646164313237343163
34643936386533643335633037616161323330386566303636373930313939343337353432633235
63343061666464393135333138643332623638623630623362663437663230343864383939336166
34306438393161336537346235626236666563636137353238356432316463663439396132316162
62333039326166303335663536326231316661653030653034643834393266343763353232336265
63373066346235396132633562623733393263663465663139346264633732613062383165646665
34646430336562303062323234303436366435383638336336333061383639653437323037313537
63626661313366356231376161623831386533336363383239313862326535633932353864666363
36373234386433383565653435333332383032333634323165656235653339386437373636366633
63333562636332623337616162336138653864653939393931326230333232333832306333653530
66643366346461323435353161373239613436393365633330363165636661616234326264613965
30376633333464366131653732363736316665343561613531373364656230346537653463333164
37393664623330306566346538366637366339336165623938373033616664616661356438363135
62356339326631363061323066356632623734303830333364383935656630643536363934373934
64373366326363306565363337383835626331623362306438616561356365626565346565653535
31343133643062316638623664326135306563653538343936383062353136303063613466323836
38363330316364343632373332323664346665346633366665376234353237346230346561613261
39363131386137373966373131366434633334623233323438323632306633656439316365366131
34346661396336663130613361623938666235643566333336393366306334613461656262666165
37373763333365363862613565376462383536623062356136666361643237383230383066373530
30396433386632356135616137636363333239653137633638613565613233653338333864323766
62346463386236303661626130343564643435333064356130613862613061613462623865306334
37366635356464646433616664356165306139636432393764376631306665663665653165326334
32363831313163383738373966353836386631616636363033666235636662663062633162626433
61373938616531356533653765386465303137396336643735306462646439316535626463303536
65656634653030373130623032346139636564326136393538343634353339653838383263643362
63666434346631656339333566356435623930333137643037336463306234383265303231636530
61356233313336306634303138383639396133373863666635346166303837346238393736386463
31376432393862356534646131343734346438653066336434643462393462356338336339373737
39303335396265663730313635633838376662386364316564613065343365343735376338633135
39316130366230323632623532636461343661613632666534393962623866383265666166653837
62303366326238636333656662393437653735376330316265336534316439646639613138653166
38383032636566313466303933643762623365343236383331663135636664333037356162333466
31393162336262373038343435316138623333613233313861383232346537643639356334613339
36626531373234393834653162353837356135356630356331363136346633326462356330643839
38363932656130646261396665363266343536623833333035386631383439303630333336353865
63626133636232366530393762393234303865306161393035313334653731643162633131333133
35313836326665626238376161363239336263656236333363363065343730636533633231303137
35626566326133636165393036306361323433306466356330376235386136373466383161373035
63366563393163373830613135313662633637613632346230653233333833373834626561303661
36383833636337313536303539383566356136653634646234646331646635323861303934393763
64303465306265343062323334363265353766623066663438373030623038623734346133373539
37643863353435393562316231323234383463646439373433313237336665643739353931353039
37306139616130336463636230323366643339386131343063366162303731653261326534626530
63613361636262356139656237333164643235366333663066396235316161643132613832616165
62303130613238373661303630663065366264653764363539626466313565376230326664346631
64333031643236383731376464636339336438346362663434346338663063336535323834356166
35313961393362313636343832313135383965613162333636643931613837306137643562343235
39313233376263386265623566323037626233663662303133623138663962323766353030633461
30636237376266333431373330643637623332313137363536373066396663376165396233303939
37666539333434363835316162323433316432333430636663316235353237346432313839336539
61396638663535353339363039346132326136636639633561316237316336346565376437323539
64336433386466363766316463623033326231613231316361316436333730346165396463633137
37383563383633353738383738303264336662353634343565666336376165643365326461623837
34363061366564383866643332643233653837633536343761393733393464383032316533303933
36363461343739333866326166356639363061663231346635646630306434643330303066313635
65396165363934393666373839356638666461353361646664666336333230333038613932636361
30363361393566376235623433643437646331636335636530666132326231626635333639343261
63626362636363666165656664623366306261616337343330376130656566323166666233613035
39333533326663613138353238353963333834663239313433396261393231626331333036396365
36653163326339353430636530333035636165356137363133323337313636626134626132353861
39363938653663373735663837643038396365336637663830323964353236626431633761393337
64646331633330663535636238663564306537663636623439383530333461373539313866333330
31663031643861623230663933363962633538623932653638623033316637346332323437343836
35313438326230633635633965396434633536306634333661636338616533666134643737383436
39396133666431343033653436303238333263363238633032633939333232343464303633343533
35376362333565336133323635646538636365623130373731373666376139643366396563656466
38306438646537643662653139636137366563623037386532656233666264343734613035623630
37653839333430633132373963343935363639626138333939366639373637333533346336316363
37613731333363616633616363313434356535333732313630626237373930396131383539633065
63333638613864383737623439633765396565353437333036386664323765316339623137633461
66626230393530303035646234303136373166343161393937353934376566656637383837313837
36656338393338323931386132646361363435323635353131633362626331663861663461323161
66353861626232363761386431333863633465363237326531393732633330643664643130626632
65626262616363616233363439336261623136366633363162366130383331363633313062633635
31363464366466663538353031623336376663386635633231313762666630363566373964373664
32666434646334383935386231613533656632656331393537643365643332386135343632663464
35363462303532626164316637326531643964646333663338356533383030336632383464633664
62613032333032363765313531346139303764663639643565643662653638313961303762663237
34376162306366636434626261613339336338613366313537653965643530393361343362653662
64333834373133363961323563326435363466616333633766643366393235663634323865363437
33656563643762663733326433373437663466653439306363303666663735646466316238633135
32316431643334363537613363613634386439393264393137633334343264386239393265613934
38383039636338653631336639346561373137326330623733306230313531326532623033373038
33626633383831663735646531383166393036326238303135303461396262616566306533633930
66363230316135626139333835373839363230616232346666613134326133623765613764646333
66633061393337383161613632303866663061646335663462323963363862323738613735393337
62313034383531306537303737663235383037313561343365376663356234313934356233633765
62343563613637393431306639383264633766393337653438616334306138323434666433316162
32333130626130646131303133323034656433663237303130616135313133323164666461626261
35666630333334623939373530636265353963653836353531656238363866393435316437643038
30643731353037663232616137386665616238376336336662653565376462666364393939353134
65336363656461366638383738346463373336616139363363303561356539623633303064383164
65386339353736376166363362666638323363343661326662393264383964323733656565616231
39306663643166353330316137636634636164336261636437346538396437316333633661323930
30346566363566303131303738346666613136303462323762363439336262386539383031616531
38626437366363396465636535366366306631323330346566356339326333633837326238373166
39633634323163663664636364303236626162366430656334663337636531313038633464633066
34326464366466363764306165656332373163353961306536633336663736663462666539363461
36626333383730633261303564396635626363326261373365383538393033363830326466646561
303130633639633265643030666332666430
