$ANSIBLE_VAULT;1.1;AES256
36383939353462356264656639623331386231663930336532353565386536626366616637333162
6633326366313464633035396566613537326362356330660a313832623438623734366235373938
63313063363635626237346236316132653262353635636139636362396538636231386230303936
6166666236323861610a393364353038386431333961353839306133646364636262623431356436
65626163306231373465323630633732346538623236623733643563383832343631366566396635
62363735363539313139323164316537393166643064616663373035353462646166613862653634
38333639393635623436373661386264393861303333343439353535613965373361393963623165
30643662363333393161376164336133323665336539376335366130633036316363346338353932
37396365633139376361616362666338333463313133313937383535306465333066663236623139
37623238396432386661313735316638373130383939653534383335376337393462333336336262
39316136623533333335396335353130366537663132663931326135313062336564333636386336
65346539623931373038373539363434613566363963386133626561376163346564363739313736
34653130396138333033653732643738633532616166363231306131616136313865623731306638
63323266396165376539616533386437313065366230363933326434376239396431343934313765
66636262343763383834303532656633303265353232363164336130663463316164393934333064
37616539313061336438383831316433353362613561363763353661383166393265336435306561
38623663353863376439333335656665316464616236633936626630303831643331356263343133
32343437343632313530396133363430336132373164633266393130376436313330373437656365
31616438373839343431356532653434373438623437303733323938646239356135383466366435
33336363613138626236326566353066626332323533636331643761326263616630306633623431
35623438326636303139326562396330656463386339373061323935313837616663323734373464
37313163616466303338346633306664663536663337343339663233666661353363393234626565
33626334313235633663363630656564383635633035653165666363303538343365656466386363
61353431376363323236346564663966663564646437373132646239363066316331376438386236
33646161643162666437616137323930613466323462323138306566643333393134656461363035
34393631343363356136373032636639316433636136396163393333336366386531643232376566
66346664313231393034326232613337303063356130613433336634373164336236653137353232
32623063663137323235306233353666313237646262343038333139313038373363333137326164
62343261363038663435393166333966363833396633653637356437656562356230326664343636
32663033373930373333633630393963353039643565303166333634333765356364653961616336
32353433306138653164353035306465386666353464333931373839336332623065316465333133
35653262363366313466653062643532386162363031366534393462663030663662353336666264
64373134393237343465646461316436643461373531316466303865303339376237333237623232
38366139646137646631313866336530663037643635616163646564343335363631356432303662
33666639633232376638633634636539376335383434313433373537663263383731386231326161
33376236633062303536636563616262346436333635393030326665636530313832303837613133
31616336386539353430643363393736323636616666643331386266323837653138376332306664
63316264613630623761303934366431396363356133396130356437303436316633343065643437
34643237633061336261653131343563613836643762633233663036303163376133376530656237
30353962386363633638343035646339613466323034373337396438383134393163376431616364
61396434643532323835353463393838343266306430636330343630633136626435323437333766
31633763393136303231386630633038323265363433353730383965313136653034316365306437
34623230353732393062323031363266366463656235653536343938396139656439366639613961
31396162383062383266663937386162633833373137303333386330636562306466353831386635
33343135613066353934623032363462323662616661633039316435396431653262386362646538
61353561663466313836363037353039313935653235313135626533623630306665653634333432
61386630383136396334366336666536643236626465613433313762343331363437363331343736
65336364383832326530373132303035663233323739656264313061663833343635326435393062
31306537323533376362346132616132653465396666363235663434643764326431616139313734
35303362383763663033653565643464386163313436316332356631663132626634653139643066
64623839663330646531383631316531356333623537376539366136656433643632393235376332
37313061333833646462303764623363306366356637376436646230613465373135633733663933
61393739363939353935363535653062373035313138393733356565626538653237303164613266
30373531633539363364616131333336343438303636356136396130333831396137313362646238
64643361613339646531386233393539653530663062653633616636656361323632383363363133
62383330393366643762303863383765623332303930303133653564313332353731666131323261
38353437393038396136393464643965313239653465343239636639346337323865353664333830
30386163376463346631326166636237333930643335313332393932353564376630356531366431
32653662383239333933386335346363623630656139386133333633303737643835663033333766
31373961616136376235383761353236646466346338623765376364653439306637343338633435
66636137393734343766363739653633656537653963316533623239653539323038336237323537
66396137643033633461303938303066363239393935363239366439393033356630373138313831
35313664633937623734316136373661666562376636323237616164366231373933326330636436
66326261346236656162333133643362656437366237373865396237353063616530626635646638
39383138653935376531333436356461666263386133633661336236386339333466353133326639
31636562376631346336656236616662323238303639656133376565323461363366336533363164
35353335663833646231343563363035636666316133343938356562653035633137393133316334
61643666666338613235613632343065623733653061313232393030333637353635623033663763
30363336663762316265613330613735653632623963646334353864313263646461633866383335
36373566376463346536613961303739656135316433626661636665376664376434393732323835
63316630386132666435353937626137356365383661373837636334626462386639346239633062
32663263336361306130316438623134633936666461333531393930383263356633663639326433
38333964353961383765313965326438383062636237626239363962666366633066653531313162
62303264396233333463353235646235616463343164646338306537373030633737623364313762
64373439326665336162646664383430666235653837656361383931653638333433663965386638
64616463343662663437663637346661313661363336316264326362666335346133653434373833
30343735396166653435636264323832333837383731353062383166633936633639336362666232
30393232383138363761656632653532373062333730393436386662643230616635306130333331
30343632313630363262376234656535356339373138616665656135616433663565386236646432
38643661663131323430613935613430333132303634373737613733393135366230326339613363
34393236636561363734626435646331393939623366373834376265396561356632303263633933
36343134663838626364336337306262633330613737386365653665353532616236623539346436
34303565656539353533316161353639353837323731646461393137633237356237646333613662
65356233346161326466333737393934663232363532636131333163396665306361343731306461
63316339313333623130633230366566313136646362303966396634366266383762363063653533
61393636663832383237376464323062656137353936663838343839333031373530633136666562
66303638303430656261396363346466363630363362346664633630623564333961626338323364
34343531643165323266323239353964396164393133646332386231316230376561316532336534
31656532356161313037366339636332343964643731633462643838313264656566393863396534
32343935366630363734306464383363373764633031636231613036646135356162623463373064
31623339646361393933373366373766366338373639353839373533336530373539353533323134
39306365323263376131346231623063663061343831316665336430366666623235373765383266
32323361376234343730656331376563613530396165393766346239333432356261666633613734
34623164653932646365633832333535306364353534653161353864366632663134656538313363
31373335626532396233306331363562313737333461336430623835666564363137316434333938
61623038643862353637623564343830386134633239663062666230343330343436663466343339
31623630346161633132373261383265643162393661306464353361633634306662393165353730
33663130393066356235383038313763313937336336386632653536663162653339356238353664
32633865343034353561306261613963643233313761336138316136383565303239333464346331
33623334386462313433663134393338306138313133356335323834333537613838346337323636
35353339646366653638626530313937613230343462666162356535306264623733326434323135
61643064376337356231313435666634376634613466643836373263643566663931366430643336
61663933343436656534343030666439383063663036333935633863376334623631663138363431
32303534613731653764343738623461643238353062616337386265343366626334613262366434
37343036636636333033313965326135636531333638363038343135373265633731383261623765
31646237336338613361313932363334323631346663346461306531643937326538613232396533
62613734613863666331323531313134333536316565363538373264353334643665383663373661
39656566346365333961393634623434396530323461353735666661626236646532393562326233
33316465336339646438643636396330626664623464656632313265643333393338396363643435
34643461323739623431643863323730636362356363396462366537303932393538353836326538
64306536343065376330613539343562666237383031663733333866393138313437396666336232
39386231386161636633353633346136366466396238623932363533393865373832333161666566
31643936396136393433303665313235373264346233636664616461623663343438653266303339
34386435663061613536613737396665393333643161363363326538326136346239373964376630
31376136666435626532306564663139623335636466383736373334616164313235383436633664
39653730393463326564653034306333323836633239346537623737326665373433653136333834
37353231373832616465633331343661396161303364353861636364333935646430633663623632
64373631373536323937393662303439393335633166633437303334656532383037356662383765
66373161633838393336653165353133663866313766373137366334626237353931336334643633
65613931386239333031633532333833643762343236363937666137373866303362356337363263
63373232633934393331356338326137623130376431353534643533613164316339343164643232
65623666646138346231636630633539323266313364336262323133323331333036386335383363
36326436646266383164623438356237356435383064653764333131326339623733333632656336
62373239363535623537313566383934626463356363643033356236313262323834323562646465
33353766613233303534373433386266633733393032396235376165663038623266643663653030
65613161336237323666656335626262396530373666383464326130316262643432653033343238
316334303930323633633965393361316239
