$ANSIBLE_VAULT;1.1;AES256
34383864646337663161363261346266323866626434623030306430353562613963363038323133
3765613236343837383133363466306364353633636336310a346435336165663666383437313038
34383938343765313464613935316230343734613761376263306466343634623938666465653835
3737376334303134360a663536313531653334383635633432326538343636326136366138316339
62353138663662373862376333383261303564303232373532346536623066623932373066393233
34333235653835383036323638653633326639336139326464383433653631383730373533316230
38326665636665363038373336633230336638663532313036633033626530303837303030303065
30306535643831366530373666636235366333613866343639346235383866383339333931376333
63623439366361303862353064663639646232393536343730623564653631353632353331663535
32643637333266326463333563333932383332373364663838386133653963376436323065333939
66646262376639396538326637366532343264626436343562663537306138333864323762333036
35323135396531316362313339303332616362626530366335623931326136323535376562663838
39613561656335643037326161343533396566656639336662303436666230323061393365623664
39393061353739366238636238356537333032383334663637636134373630663939383736623033
33313361663237626263353762376632393633633963636233633266353363613938636433623161
35393836663364303132613734346437656133643964666634646138353666323534376234333761
38313437626638383866353534653237613835326337336432383034633838393039356565353964
32356166363863366533666430613363646134653738356466333335336563306138643062363138
35396235343530626333613230396132663165303963363830326163343838323330633465306133
33373336643539623537346437653730663366336530323138326631376533343439366332353866
65303462366231376166643666326237313866393065396161306430666461333433303961646165
35333537323363383133313735313366663464623837663664643134303932653330633336383334
64366465363033313739613366653732623931323931393862386565386431386366623038326566
64623436343364663139386130333761333830613836396632363133323966653061646461643536
61333463356162623864396238353432633062393335633939313861343134376438623537383231
36313134626637373837343639646661633436303233313139313235653734393365396362396438
36373237626565313532316562626463316464333931323736333763396531393033353538306561
61356666336462643134643234316265353161623766373137323632353636303133353133366262
31386363323136373462346461303862303534313538333464336463616365333137303139626135
62396336323335623166613161656161323731326635663661643361336262306164346663653064
31643065656633376161373730643035386431626538303431656661633361363232333362643766
64333565306531616336343736313262633736336466346633363161616338363838666663373064
35666233363061313666343637303838396633353834356437376161633133653730636632633137
33343564343163663461396437343735623862333230346537323863646463643831366632383437
37373464366163396637663237323932626133363130383935613231633931353839373337636239
65316436303263316664366537376662613230346161313066346661373064313865313838336433
38336630623235393534353331343965343638336565653636333131363561393036316162316265
31666162393235323531356531353564613561643437636563393534353335366263303437326230
35373235623061373361303030316461326632303133323637613061333264356132353239653430
34373234656162306563643538333635303236313232353936363966626461663661313832363863
66346166353063303932323230623866623333663966663365623065343434333937383865643461
38333339666361303135326664363239383031306666643462616131316232353638356534363334
32376638373139333462353436373139313533396365636637313030626261373061613063303339
35336362363630393362313934626161393265346165373133323334353034393161613430616265
31623965343866316466636435303437396433326136303864316331336262353136633035353564
37326163323935306164356530353031613032646337643538373331643966646464306562353365
31343031343930386265646438656236343139646532343932343931643439616562306363353066
30643631393932366162626366356134373637346536383330306165376161336566663632636662
64356366343561366261313662356136643537303263313462383834336535643931383665656663
62663732303836396333646230383235646264663235336666333330346666633461323737396361
64653563373463376463313532666165616165343735626634383533653934366537313236323034
39303261356431646564316331396564376364343430363336656161343561396565656164383838
31636230313163316661613637383362663335366530636636383066303239353839386464623231
61633230653765373265636638643266623961656636306239353738306164306538643164366335
63336631353831303363636332303737656461636532313433396334623335376338373062316366
39643837663264303032386163356262326465666663306139666236323864366432313666343431
38393264653763653639633861336234343463373663623936316666663832613866303664336465
62373735326535636130613535643632623538623066643336353735396231316362373434643536
33316234343032373838376430623366336262343630616662313731316263653134636261626633
61346664663334306664363235316231623766373236393463343163396339653437376362303538
36396433363263663265343464353332316439346461396331313361653435323136396264383066
62613163383837383030396434393036623063396239386131316666636361363936383538613132
61323063653237356333376163643238613635386238666563333533373731626631663538643139
31653862303737643236373737353063313262633734646238653332353262393030366366656233
61633934363262323237346266636538316436363737323262313538393863636566636438303462
35363435663536643061623065646166323437656564633665393763666562653339613565356538
37663035623462353339393264393530613633356335346638363330616131356561393434626465
30313237623535333166333065623737626138313466373537613830666138616238353533636265
30613562353663313134613662643532663461626366626336643531383461666234343438393961
66653135333532653866633135313633623333356234336232376436343465636562363932336639
39303961613230363538653139373663326339393532333330616661616434646537653530623761
61393339336536376564383938646431613935383836303536313730356336666430643861626662
37376638643537616532616530343235616636346438343937346437653235383131626566303364
66393033653062373538346339323164636335663765373639626137623331343263313165623536
63373362653064653164623530636233636337353463653766393764373936646662396334343864
63383138616264643366353364653566323461346638313561326465663261313633663132653265
35336637623566643763323636313232316639316661613733613733353838333764653661326535
30386234613036386662633236363932326436666265656666353530353534613565393064346539
62663966393761643334343964356431356138333439386333353562376439663764393539396136
31623733626637396564336632366264323663633762356537316563636437623062643666383365
34663934343662333931343866316264363339643837333061313734336534383564363861313439
33393633326133646365393532386538393438393533623936643834633830373430366133643764
33383866623234346362343731646362643864376130326137646566303231333462326532356364
37373164313430646363623230393166326630346562353338303035363863616536303038646539
63383934643531646537653432663738393164396464333065333732653961356263373435353436
38323466306430623339666662666638653364383161336432386666656166326566613064323033
37313337656665356266396339303637383864666437666434653530313330396539333530383663
34346632333264666638346535303962373164663237623037306566626536643466333366303335
33336561613364383536656639333439306231613437383861666561616132356364363531633034
66613464353362303963343037616462393164636564643364616137633339326536366134366337
32386433303266393736346633313838633136623832656131373335373232616239303739376466
65613134323065366635353637353036333137613237356137653266303531303061336666653132
65333134646662343964653434636263643830356235356361636363663461353939333633336431
39643039383238653334386131366437383530333962306363666236643738373639616437303936
61316538353733613639613561363734316434643866396630383831653532353963663362626236
30306335623162376366643833356335613834613463316139363135363964393232373234386436
39303161643937613735316334613533643163653731376530656535353863343232316465663238
35613633383437313136616464356337303961613264646236653662333338646330636163316430
62643030633166616565643964653164613263636365306233613432626632326134376361313664
39656263373234326463333638313033376136343436376239383263623734363862623638663861
65363266626266383836656431383637623662313965656166373165326232653662363435323461
66613837386664363363323530376164366434346234653363383432613332356235363536396339
66333539323364363263363936333537376564666533326234613766306166663265353032343431
38386566303663663138363761393534636633393538353066653463353961386166396262626634
36316364306431336533616166346335333633396463346161616339343765626633326538643834
34623538333633333964616361353739323133313933383766303031336562353462366165643333
64323538306461313734656437333036316463343534336433633539343636643632363066396430
62653061386130383063343761323565643564623835373331363061326238316434313961633962
35613965663437353939306432653662666365663361383437373061323164396239623962393963
62386362653566613435323838363663623631343230666136626534623563643432646230383239
65373633316437366438366239336235346536616335356338643665383031356161386363616135
65383165376466663562626531303933343866663066656339636333633066643964393166393736
35326634383461386131373233303933326235666232366233326630343261663432323238623963
37636661373234663038386361323266346234633161636166313238656666616162353636336261
61613139353161386364343265613433383966333035393831656364346639393664303533333631
31366531303362346238303436393535393436366531366432663431363933663564643466633933
33666562376232386130653137643031623137383432376163363431376632353432356634663232
62356564393134303461396133333532333935663836343631303536356132613231396166356163
62356534623031663862393839643039316234393264343536636630323864626331386465366565
30656662383239323162353236353461333264373030393232306332323565383661316331393766
38663637303466643235343434663333626133346266383838303437383235353137393462666239
38303135373061336661386337613462306262613935366335353835323463303462363034383534
61343565316236323738386538386232353032653836316464386238343232633937643336383039
62303262323164643737343136306265626636643834343062313536356537396361623864626536
33313334316536303232383539396166616331353066353335383766623137313031363161333363
32363765613239663438633863376235353532626131343965663966616461636235623765313536
383966313337326136303766663531633539
